IMG_ID,PIXEL_X,PIXEL_Y,PIXEL_COLOR
782,0,0,0
782,1,0,0
782,2,0,0
782,3,0,0
782,4,0,0
782,5,0,1
782,6,0,0
782,7,0,0
782,8,0,0
782,9,0,0
782,10,0,0
782,11,0,0
782,12,0,0
782,13,0,0
782,14,0,0
782,15,0,0
782,16,0,0
782,17,0,0
782,18,0,0
782,19,0,0
782,20,0,0
782,21,0,0
782,22,0,1
782,23,0,0
782,24,0,0
782,25,0,0
782,26,0,0
782,27,0,0
782,28,0,0
782,29,0,0
782,30,0,0
782,31,0,0
782,32,0,0
782,33,0,0
782,34,0,0
782,35,0,0
782,36,0,1
782,37,0,0
782,38,0,1
782,39,0,0
782,40,0,0
782,41,0,0
782,42,0,0
782,43,0,0
782,44,0,0
782,45,0,0
782,46,0,0
782,47,0,0
782,48,0,0
782,49,0,0
782,50,0,0
782,51,0,0
782,52,0,0
782,53,0,0
782,54,0,0
782,55,0,0
782,56,0,0
782,57,0,0
782,58,0,0
782,59,0,0
782,60,0,0
782,61,0,0
782,62,0,0
782,63,0,0
782,64,0,0
782,65,0,0
782,66,0,0
782,67,0,0
782,68,0,0
782,69,0,0
782,70,0,0
782,71,0,0
782,72,0,0
782,73,0,0
782,74,0,0
782,75,0,0
782,76,0,0
782,77,0,0
782,78,0,0
782,79,0,0
782,80,0,0
782,81,0,0
782,82,0,0
782,83,0,0
782,84,0,0
782,85,0,0
782,86,0,0
782,87,0,0
782,88,0,0
782,89,0,0
782,90,0,0
782,91,0,0
782,92,0,0
782,93,0,0
782,94,0,0
782,95,0,0
782,96,0,0
782,97,0,0
782,98,0,0
782,99,0,0
782,100,0,0
782,101,0,0
782,102,0,0
782,103,0,0
782,104,0,0
782,105,0,0
782,106,0,0
782,107,0,1
782,108,0,1
782,109,0,0
782,110,0,0
782,111,0,0
782,0,1,1
782,1,1,0
782,2,1,0
782,3,1,0
782,4,1,0
782,5,1,1
782,6,1,0
782,7,1,0
782,8,1,0
782,9,1,0
782,10,1,0
782,11,1,0
782,12,1,0
782,13,1,0
782,14,1,0
782,15,1,0
782,16,1,0
782,17,1,0
782,18,1,0
782,19,1,0
782,20,1,0
782,21,1,0
782,22,1,0
782,23,1,0
782,24,1,0
782,25,1,0
782,26,1,0
782,27,1,0
782,28,1,0
782,29,1,0
782,30,1,0
782,31,1,0
782,32,1,0
782,33,1,0
782,34,1,0
782,35,1,0
782,36,1,0
782,37,1,0
782,38,1,0
782,39,1,0
782,40,1,0
782,41,1,0
782,42,1,0
782,43,1,0
782,44,1,0
782,45,1,0
782,46,1,0
782,47,1,0
782,48,1,0
782,49,1,0
782,50,1,0
782,51,1,0
782,52,1,0
782,53,1,0
782,54,1,0
782,55,1,0
782,56,1,0
782,57,1,0
782,58,1,0
782,59,1,0
782,60,1,0
782,61,1,0
782,62,1,0
782,63,1,0
782,64,1,0
782,65,1,0
782,66,1,0
782,67,1,0
782,68,1,0
782,69,1,0
782,70,1,0
782,71,1,0
782,72,1,0
782,73,1,0
782,74,1,0
782,75,1,0
782,76,1,0
782,77,1,0
782,78,1,0
782,79,1,0
782,80,1,0
782,81,1,0
782,82,1,0
782,83,1,0
782,84,1,0
782,85,1,0
782,86,1,0
782,87,1,0
782,88,1,1
782,89,1,0
782,90,1,0
782,91,1,0
782,92,1,0
782,93,1,0
782,94,1,0
782,95,1,0
782,96,1,0
782,97,1,0
782,98,1,0
782,99,1,0
782,100,1,0
782,101,1,1
782,102,1,0
782,103,1,0
782,104,1,0
782,105,1,0
782,106,1,0
782,107,1,0
782,108,1,0
782,109,1,0
782,110,1,0
782,111,1,0
782,0,2,0
782,1,2,0
782,2,2,0
782,3,2,1
782,4,2,0
782,5,2,0
782,6,2,0
782,7,2,0
782,8,2,0
782,9,2,0
782,10,2,0
782,11,2,0
782,12,2,0
782,13,2,0
782,14,2,0
782,15,2,0
782,16,2,1
782,17,2,0
782,18,2,0
782,19,2,0
782,20,2,1
782,21,2,0
782,22,2,0
782,23,2,0
782,24,2,0
782,25,2,0
782,26,2,0
782,27,2,0
782,28,2,0
782,29,2,0
782,30,2,0
782,31,2,0
782,32,2,0
782,33,2,0
782,34,2,0
782,35,2,0
782,36,2,0
782,37,2,0
782,38,2,0
782,39,2,0
782,40,2,0
782,41,2,0
782,42,2,1
782,43,2,0
782,44,2,0
782,45,2,0
782,46,2,0
782,47,2,0
782,48,2,0
782,49,2,0
782,50,2,0
782,51,2,0
782,52,2,0
782,53,2,0
782,54,2,0
782,55,2,0
782,56,2,0
782,57,2,0
782,58,2,0
782,59,2,0
782,60,2,0
782,61,2,0
782,62,2,0
782,63,2,0
782,64,2,0
782,65,2,0
782,66,2,0
782,67,2,0
782,68,2,0
782,69,2,0
782,70,2,0
782,71,2,0
782,72,2,0
782,73,2,0
782,74,2,0
782,75,2,0
782,76,2,0
782,77,2,0
782,78,2,0
782,79,2,0
782,80,2,0
782,81,2,0
782,82,2,0
782,83,2,0
782,84,2,0
782,85,2,0
782,86,2,0
782,87,2,0
782,88,2,0
782,89,2,0
782,90,2,0
782,91,2,0
782,92,2,0
782,93,2,0
782,94,2,0
782,95,2,0
782,96,2,0
782,97,2,0
782,98,2,0
782,99,2,0
782,100,2,0
782,101,2,0
782,102,2,0
782,103,2,0
782,104,2,0
782,105,2,0
782,106,2,0
782,107,2,0
782,108,2,0
782,109,2,0
782,110,2,0
782,111,2,0
782,0,3,0
782,1,3,0
782,2,3,0
782,3,3,0
782,4,3,1
782,5,3,0
782,6,3,0
782,7,3,0
782,8,3,0
782,9,3,0
782,10,3,0
782,11,3,0
782,12,3,0
782,13,3,0
782,14,3,0
782,15,3,0
782,16,3,0
782,17,3,0
782,18,3,0
782,19,3,0
782,20,3,0
782,21,3,0
782,22,3,0
782,23,3,0
782,24,3,0
782,25,3,0
782,26,3,0
782,27,3,0
782,28,3,0
782,29,3,0
782,30,3,0
782,31,3,0
782,32,3,1
782,33,3,0
782,34,3,0
782,35,3,0
782,36,3,0
782,37,3,0
782,38,3,0
782,39,3,0
782,40,3,0
782,41,3,0
782,42,3,0
782,43,3,0
782,44,3,0
782,45,3,0
782,46,3,0
782,47,3,0
782,48,3,0
782,49,3,0
782,50,3,0
782,51,3,0
782,52,3,0
782,53,3,0
782,54,3,0
782,55,3,0
782,56,3,0
782,57,3,0
782,58,3,0
782,59,3,0
782,60,3,0
782,61,3,0
782,62,3,0
782,63,3,0
782,64,3,0
782,65,3,0
782,66,3,0
782,67,3,1
782,68,3,0
782,69,3,0
782,70,3,0
782,71,3,0
782,72,3,0
782,73,3,0
782,74,3,0
782,75,3,0
782,76,3,0
782,77,3,0
782,78,3,0
782,79,3,0
782,80,3,0
782,81,3,0
782,82,3,0
782,83,3,0
782,84,3,0
782,85,3,0
782,86,3,0
782,87,3,0
782,88,3,0
782,89,3,0
782,90,3,0
782,91,3,0
782,92,3,0
782,93,3,0
782,94,3,0
782,95,3,0
782,96,3,0
782,97,3,0
782,98,3,0
782,99,3,0
782,100,3,1
782,101,3,0
782,102,3,0
782,103,3,0
782,104,3,0
782,105,3,0
782,106,3,0
782,107,3,0
782,108,3,0
782,109,3,0
782,110,3,0
782,111,3,0
782,0,4,0
782,1,4,0
782,2,4,0
782,3,4,0
782,4,4,0
782,5,4,0
782,6,4,0
782,7,4,0
782,8,4,0
782,9,4,0
782,10,4,0
782,11,4,0
782,12,4,0
782,13,4,0
782,14,4,0
782,15,4,0
782,16,4,0
782,17,4,0
782,18,4,0
782,19,4,0
782,20,4,0
782,21,4,0
782,22,4,0
782,23,4,0
782,24,4,0
782,25,4,0
782,26,4,0
782,27,4,0
782,28,4,0
782,29,4,0
782,30,4,0
782,31,4,0
782,32,4,0
782,33,4,0
782,34,4,0
782,35,4,0
782,36,4,0
782,37,4,0
782,38,4,0
782,39,4,0
782,40,4,0
782,41,4,0
782,42,4,0
782,43,4,0
782,44,4,0
782,45,4,0
782,46,4,0
782,47,4,0
782,48,4,1
782,49,4,0
782,50,4,0
782,51,4,0
782,52,4,0
782,53,4,0
782,54,4,0
782,55,4,1
782,56,4,0
782,57,4,0
782,58,4,0
782,59,4,0
782,60,4,0
782,61,4,0
782,62,4,0
782,63,4,0
782,64,4,0
782,65,4,0
782,66,4,0
782,67,4,0
782,68,4,0
782,69,4,0
782,70,4,0
782,71,4,0
782,72,4,0
782,73,4,0
782,74,4,0
782,75,4,0
782,76,4,0
782,77,4,0
782,78,4,0
782,79,4,0
782,80,4,0
782,81,4,0
782,82,4,0
782,83,4,0
782,84,4,0
782,85,4,0
782,86,4,0
782,87,4,0
782,88,4,0
782,89,4,0
782,90,4,0
782,91,4,0
782,92,4,0
782,93,4,0
782,94,4,0
782,95,4,0
782,96,4,0
782,97,4,0
782,98,4,0
782,99,4,0
782,100,4,0
782,101,4,1
782,102,4,0
782,103,4,0
782,104,4,0
782,105,4,0
782,106,4,0
782,107,4,0
782,108,4,0
782,109,4,0
782,110,4,0
782,111,4,0
782,0,5,0
782,1,5,0
782,2,5,0
782,3,5,0
782,4,5,0
782,5,5,0
782,6,5,0
782,7,5,0
782,8,5,0
782,9,5,0
782,10,5,0
782,11,5,0
782,12,5,0
782,13,5,0
782,14,5,0
782,15,5,0
782,16,5,0
782,17,5,0
782,18,5,0
782,19,5,0
782,20,5,0
782,21,5,0
782,22,5,0
782,23,5,1
782,24,5,0
782,25,5,0
782,26,5,0
782,27,5,0
782,28,5,0
782,29,5,0
782,30,5,0
782,31,5,0
782,32,5,0
782,33,5,0
782,34,5,0
782,35,5,0
782,36,5,0
782,37,5,0
782,38,5,0
782,39,5,0
782,40,5,0
782,41,5,0
782,42,5,0
782,43,5,0
782,44,5,0
782,45,5,0
782,46,5,0
782,47,5,0
782,48,5,0
782,49,5,0
782,50,5,0
782,51,5,0
782,52,5,0
782,53,5,0
782,54,5,0
782,55,5,0
782,56,5,0
782,57,5,0
782,58,5,0
782,59,5,0
782,60,5,0
782,61,5,0
782,62,5,0
782,63,5,0
782,64,5,0
782,65,5,0
782,66,5,0
782,67,5,0
782,68,5,0
782,69,5,0
782,70,5,0
782,71,5,1
782,72,5,0
782,73,5,0
782,74,5,0
782,75,5,1
782,76,5,0
782,77,5,0
782,78,5,0
782,79,5,0
782,80,5,0
782,81,5,0
782,82,5,0
782,83,5,0
782,84,5,0
782,85,5,0
782,86,5,0
782,87,5,0
782,88,5,0
782,89,5,0
782,90,5,0
782,91,5,0
782,92,5,0
782,93,5,0
782,94,5,0
782,95,5,0
782,96,5,1
782,97,5,0
782,98,5,0
782,99,5,0
782,100,5,0
782,101,5,0
782,102,5,0
782,103,5,0
782,104,5,0
782,105,5,0
782,106,5,0
782,107,5,0
782,108,5,0
782,109,5,0
782,110,5,0
782,111,5,0
782,0,6,0
782,1,6,0
782,2,6,0
782,3,6,0
782,4,6,0
782,5,6,0
782,6,6,0
782,7,6,0
782,8,6,0
782,9,6,0
782,10,6,0
782,11,6,0
782,12,6,0
782,13,6,0
782,14,6,0
782,15,6,0
782,16,6,0
782,17,6,0
782,18,6,0
782,19,6,0
782,20,6,0
782,21,6,0
782,22,6,0
782,23,6,0
782,24,6,0
782,25,6,0
782,26,6,1
782,27,6,0
782,28,6,0
782,29,6,0
782,30,6,0
782,31,6,0
782,32,6,0
782,33,6,0
782,34,6,0
782,35,6,0
782,36,6,0
782,37,6,0
782,38,6,0
782,39,6,0
782,40,6,0
782,41,6,0
782,42,6,0
782,43,6,0
782,44,6,1
782,45,6,0
782,46,6,0
782,47,6,0
782,48,6,0
782,49,6,0
782,50,6,0
782,51,6,0
782,52,6,0
782,53,6,0
782,54,6,1
782,55,6,0
782,56,6,0
782,57,6,0
782,58,6,0
782,59,6,1
782,60,6,0
782,61,6,0
782,62,6,0
782,63,6,0
782,64,6,0
782,65,6,0
782,66,6,0
782,67,6,0
782,68,6,0
782,69,6,0
782,70,6,0
782,71,6,0
782,72,6,0
782,73,6,0
782,74,6,0
782,75,6,0
782,76,6,0
782,77,6,0
782,78,6,0
782,79,6,0
782,80,6,0
782,81,6,0
782,82,6,0
782,83,6,0
782,84,6,0
782,85,6,0
782,86,6,0
782,87,6,0
782,88,6,0
782,89,6,1
782,90,6,0
782,91,6,0
782,92,6,0
782,93,6,0
782,94,6,0
782,95,6,0
782,96,6,0
782,97,6,0
782,98,6,0
782,99,6,0
782,100,6,0
782,101,6,0
782,102,6,0
782,103,6,0
782,104,6,0
782,105,6,0
782,106,6,1
782,107,6,0
782,108,6,0
782,109,6,0
782,110,6,0
782,111,6,0
782,0,7,0
782,1,7,0
782,2,7,0
782,3,7,0
782,4,7,0
782,5,7,0
782,6,7,0
782,7,7,1
782,8,7,0
782,9,7,0
782,10,7,0
782,11,7,0
782,12,7,0
782,13,7,0
782,14,7,0
782,15,7,0
782,16,7,0
782,17,7,0
782,18,7,0
782,19,7,0
782,20,7,0
782,21,7,0
782,22,7,0
782,23,7,0
782,24,7,0
782,25,7,0
782,26,7,0
782,27,7,0
782,28,7,0
782,29,7,1
782,30,7,0
782,31,7,0
782,32,7,0
782,33,7,0
782,34,7,0
782,35,7,0
782,36,7,0
782,37,7,0
782,38,7,0
782,39,7,0
782,40,7,0
782,41,7,0
782,42,7,0
782,43,7,0
782,44,7,0
782,45,7,0
782,46,7,0
782,47,7,0
782,48,7,0
782,49,7,0
782,50,7,0
782,51,7,0
782,52,7,0
782,53,7,0
782,54,7,1
782,55,7,0
782,56,7,0
782,57,7,0
782,58,7,0
782,59,7,0
782,60,7,0
782,61,7,0
782,62,7,0
782,63,7,0
782,64,7,0
782,65,7,0
782,66,7,0
782,67,7,0
782,68,7,0
782,69,7,0
782,70,7,0
782,71,7,0
782,72,7,0
782,73,7,0
782,74,7,0
782,75,7,0
782,76,7,0
782,77,7,0
782,78,7,0
782,79,7,0
782,80,7,0
782,81,7,0
782,82,7,0
782,83,7,0
782,84,7,0
782,85,7,0
782,86,7,0
782,87,7,0
782,88,7,0
782,89,7,0
782,90,7,0
782,91,7,0
782,92,7,0
782,93,7,0
782,94,7,0
782,95,7,0
782,96,7,0
782,97,7,0
782,98,7,0
782,99,7,0
782,100,7,0
782,101,7,0
782,102,7,0
782,103,7,0
782,104,7,0
782,105,7,0
782,106,7,0
782,107,7,0
782,108,7,0
782,109,7,0
782,110,7,0
782,111,7,0
782,0,8,0
782,1,8,0
782,2,8,0
782,3,8,0
782,4,8,0
782,5,8,0
782,6,8,0
782,7,8,1
782,8,8,1
782,9,8,0
782,10,8,0
782,11,8,0
782,12,8,0
782,13,8,0
782,14,8,0
782,15,8,0
782,16,8,0
782,17,8,0
782,18,8,0
782,19,8,1
782,20,8,0
782,21,8,0
782,22,8,0
782,23,8,0
782,24,8,0
782,25,8,0
782,26,8,0
782,27,8,0
782,28,8,0
782,29,8,0
782,30,8,0
782,31,8,1
782,32,8,0
782,33,8,0
782,34,8,0
782,35,8,0
782,36,8,0
782,37,8,0
782,38,8,0
782,39,8,0
782,40,8,0
782,41,8,0
782,42,8,0
782,43,8,0
782,44,8,0
782,45,8,0
782,46,8,0
782,47,8,0
782,48,8,0
782,49,8,0
782,50,8,0
782,51,8,0
782,52,8,0
782,53,8,0
782,54,8,0
782,55,8,0
782,56,8,0
782,57,8,0
782,58,8,0
782,59,8,0
782,60,8,0
782,61,8,1
782,62,8,0
782,63,8,0
782,64,8,0
782,65,8,0
782,66,8,0
782,67,8,0
782,68,8,0
782,69,8,0
782,70,8,0
782,71,8,0
782,72,8,0
782,73,8,0
782,74,8,0
782,75,8,0
782,76,8,0
782,77,8,0
782,78,8,0
782,79,8,0
782,80,8,0
782,81,8,0
782,82,8,0
782,83,8,0
782,84,8,0
782,85,8,0
782,86,8,0
782,87,8,0
782,88,8,0
782,89,8,0
782,90,8,0
782,91,8,0
782,92,8,0
782,93,8,0
782,94,8,0
782,95,8,0
782,96,8,0
782,97,8,0
782,98,8,0
782,99,8,0
782,100,8,0
782,101,8,0
782,102,8,0
782,103,8,0
782,104,8,0
782,105,8,1
782,106,8,0
782,107,8,0
782,108,8,0
782,109,8,0
782,110,8,0
782,111,8,0
782,0,9,0
782,1,9,0
782,2,9,0
782,3,9,0
782,4,9,0
782,5,9,0
782,6,9,0
782,7,9,0
782,8,9,0
782,9,9,0
782,10,9,0
782,11,9,0
782,12,9,0
782,13,9,0
782,14,9,0
782,15,9,0
782,16,9,0
782,17,9,0
782,18,9,0
782,19,9,0
782,20,9,0
782,21,9,0
782,22,9,0
782,23,9,0
782,24,9,0
782,25,9,0
782,26,9,0
782,27,9,0
782,28,9,0
782,29,9,0
782,30,9,0
782,31,9,0
782,32,9,0
782,33,9,0
782,34,9,0
782,35,9,0
782,36,9,0
782,37,9,0
782,38,9,0
782,39,9,0
782,40,9,0
782,41,9,0
782,42,9,0
782,43,9,0
782,44,9,0
782,45,9,0
782,46,9,0
782,47,9,0
782,48,9,0
782,49,9,0
782,50,9,0
782,51,9,0
782,52,9,0
782,53,9,0
782,54,9,0
782,55,9,0
782,56,9,1
782,57,9,0
782,58,9,1
782,59,9,0
782,60,9,0
782,61,9,0
782,62,9,0
782,63,9,0
782,64,9,0
782,65,9,0
782,66,9,0
782,67,9,0
782,68,9,0
782,69,9,0
782,70,9,0
782,71,9,0
782,72,9,0
782,73,9,0
782,74,9,0
782,75,9,0
782,76,9,0
782,77,9,0
782,78,9,0
782,79,9,0
782,80,9,0
782,81,9,0
782,82,9,0
782,83,9,0
782,84,9,0
782,85,9,0
782,86,9,0
782,87,9,0
782,88,9,0
782,89,9,0
782,90,9,0
782,91,9,0
782,92,9,0
782,93,9,0
782,94,9,0
782,95,9,0
782,96,9,0
782,97,9,0
782,98,9,0
782,99,9,0
782,100,9,0
782,101,9,0
782,102,9,0
782,103,9,0
782,104,9,0
782,105,9,0
782,106,9,0
782,107,9,0
782,108,9,1
782,109,9,0
782,110,9,0
782,111,9,0
782,0,10,0
782,1,10,0
782,2,10,0
782,3,10,0
782,4,10,0
782,5,10,0
782,6,10,0
782,7,10,0
782,8,10,0
782,9,10,0
782,10,10,0
782,11,10,0
782,12,10,0
782,13,10,0
782,14,10,0
782,15,10,0
782,16,10,0
782,17,10,0
782,18,10,0
782,19,10,0
782,20,10,1
782,21,10,0
782,22,10,0
782,23,10,0
782,24,10,0
782,25,10,0
782,26,10,0
782,27,10,0
782,28,10,0
782,29,10,0
782,30,10,1
782,31,10,0
782,32,10,0
782,33,10,0
782,34,10,0
782,35,10,0
782,36,10,0
782,37,10,0
782,38,10,0
782,39,10,0
782,40,10,0
782,41,10,0
782,42,10,0
782,43,10,0
782,44,10,0
782,45,10,0
782,46,10,0
782,47,10,0
782,48,10,0
782,49,10,0
782,50,10,0
782,51,10,0
782,52,10,0
782,53,10,0
782,54,10,0
782,55,10,0
782,56,10,0
782,57,10,0
782,58,10,0
782,59,10,0
782,60,10,0
782,61,10,0
782,62,10,0
782,63,10,0
782,64,10,0
782,65,10,0
782,66,10,0
782,67,10,0
782,68,10,0
782,69,10,0
782,70,10,0
782,71,10,0
782,72,10,0
782,73,10,0
782,74,10,0
782,75,10,0
782,76,10,0
782,77,10,0
782,78,10,1
782,79,10,0
782,80,10,0
782,81,10,1
782,82,10,0
782,83,10,0
782,84,10,0
782,85,10,0
782,86,10,0
782,87,10,0
782,88,10,0
782,89,10,0
782,90,10,0
782,91,10,0
782,92,10,0
782,93,10,0
782,94,10,0
782,95,10,0
782,96,10,0
782,97,10,0
782,98,10,0
782,99,10,0
782,100,10,0
782,101,10,0
782,102,10,0
782,103,10,0
782,104,10,0
782,105,10,0
782,106,10,0
782,107,10,0
782,108,10,0
782,109,10,0
782,110,10,0
782,111,10,0
782,0,11,0
782,1,11,0
782,2,11,0
782,3,11,0
782,4,11,0
782,5,11,0
782,6,11,0
782,7,11,0
782,8,11,0
782,9,11,0
782,10,11,0
782,11,11,0
782,12,11,0
782,13,11,0
782,14,11,0
782,15,11,0
782,16,11,0
782,17,11,0
782,18,11,0
782,19,11,0
782,20,11,0
782,21,11,0
782,22,11,0
782,23,11,0
782,24,11,0
782,25,11,0
782,26,11,0
782,27,11,0
782,28,11,0
782,29,11,0
782,30,11,1
782,31,11,0
782,32,11,0
782,33,11,0
782,34,11,0
782,35,11,0
782,36,11,0
782,37,11,0
782,38,11,0
782,39,11,0
782,40,11,0
782,41,11,0
782,42,11,0
782,43,11,0
782,44,11,0
782,45,11,0
782,46,11,0
782,47,11,0
782,48,11,0
782,49,11,0
782,50,11,0
782,51,11,0
782,52,11,0
782,53,11,0
782,54,11,0
782,55,11,0
782,56,11,0
782,57,11,0
782,58,11,0
782,59,11,0
782,60,11,0
782,61,11,0
782,62,11,0
782,63,11,0
782,64,11,0
782,65,11,0
782,66,11,0
782,67,11,0
782,68,11,0
782,69,11,0
782,70,11,0
782,71,11,0
782,72,11,0
782,73,11,0
782,74,11,0
782,75,11,0
782,76,11,0
782,77,11,0
782,78,11,0
782,79,11,0
782,80,11,0
782,81,11,0
782,82,11,0
782,83,11,0
782,84,11,0
782,85,11,0
782,86,11,0
782,87,11,1
782,88,11,0
782,89,11,0
782,90,11,0
782,91,11,0
782,92,11,0
782,93,11,0
782,94,11,0
782,95,11,0
782,96,11,0
782,97,11,0
782,98,11,0
782,99,11,0
782,100,11,0
782,101,11,0
782,102,11,0
782,103,11,0
782,104,11,0
782,105,11,0
782,106,11,0
782,107,11,0
782,108,11,0
782,109,11,0
782,110,11,0
782,111,11,0
782,0,12,0
782,1,12,0
782,2,12,0
782,3,12,0
782,4,12,0
782,5,12,0
782,6,12,0
782,7,12,0
782,8,12,0
782,9,12,0
782,10,12,0
782,11,12,0
782,12,12,0
782,13,12,0
782,14,12,0
782,15,12,0
782,16,12,0
782,17,12,0
782,18,12,0
782,19,12,0
782,20,12,0
782,21,12,0
782,22,12,0
782,23,12,0
782,24,12,0
782,25,12,0
782,26,12,0
782,27,12,0
782,28,12,0
782,29,12,0
782,30,12,0
782,31,12,0
782,32,12,0
782,33,12,0
782,34,12,0
782,35,12,0
782,36,12,0
782,37,12,0
782,38,12,0
782,39,12,0
782,40,12,0
782,41,12,0
782,42,12,0
782,43,12,0
782,44,12,0
782,45,12,0
782,46,12,0
782,47,12,0
782,48,12,0
782,49,12,0
782,50,12,0
782,51,12,0
782,52,12,0
782,53,12,0
782,54,12,0
782,55,12,0
782,56,12,0
782,57,12,1
782,58,12,0
782,59,12,0
782,60,12,0
782,61,12,0
782,62,12,0
782,63,12,0
782,64,12,0
782,65,12,0
782,66,12,0
782,67,12,0
782,68,12,0
782,69,12,0
782,70,12,1
782,71,12,0
782,72,12,0
782,73,12,0
782,74,12,0
782,75,12,0
782,76,12,0
782,77,12,0
782,78,12,0
782,79,12,0
782,80,12,0
782,81,12,0
782,82,12,0
782,83,12,0
782,84,12,0
782,85,12,0
782,86,12,0
782,87,12,0
782,88,12,0
782,89,12,0
782,90,12,0
782,91,12,0
782,92,12,0
782,93,12,0
782,94,12,0
782,95,12,0
782,96,12,0
782,97,12,0
782,98,12,0
782,99,12,0
782,100,12,0
782,101,12,0
782,102,12,0
782,103,12,0
782,104,12,0
782,105,12,0
782,106,12,0
782,107,12,0
782,108,12,0
782,109,12,0
782,110,12,0
782,111,12,0
782,0,13,0
782,1,13,0
782,2,13,0
782,3,13,0
782,4,13,0
782,5,13,0
782,6,13,0
782,7,13,0
782,8,13,0
782,9,13,0
782,10,13,0
782,11,13,0
782,12,13,0
782,13,13,0
782,14,13,0
782,15,13,0
782,16,13,0
782,17,13,0
782,18,13,0
782,19,13,0
782,20,13,0
782,21,13,0
782,22,13,0
782,23,13,0
782,24,13,0
782,25,13,0
782,26,13,0
782,27,13,0
782,28,13,0
782,29,13,1
782,30,13,0
782,31,13,1
782,32,13,0
782,33,13,0
782,34,13,0
782,35,13,0
782,36,13,0
782,37,13,0
782,38,13,1
782,39,13,0
782,40,13,0
782,41,13,0
782,42,13,0
782,43,13,0
782,44,13,0
782,45,13,0
782,46,13,0
782,47,13,1
782,48,13,0
782,49,13,0
782,50,13,0
782,51,13,0
782,52,13,0
782,53,13,0
782,54,13,0
782,55,13,0
782,56,13,0
782,57,13,0
782,58,13,0
782,59,13,0
782,60,13,0
782,61,13,0
782,62,13,0
782,63,13,0
782,64,13,0
782,65,13,0
782,66,13,0
782,67,13,0
782,68,13,0
782,69,13,0
782,70,13,0
782,71,13,0
782,72,13,0
782,73,13,0
782,74,13,0
782,75,13,0
782,76,13,0
782,77,13,0
782,78,13,0
782,79,13,0
782,80,13,0
782,81,13,0
782,82,13,0
782,83,13,0
782,84,13,0
782,85,13,0
782,86,13,0
782,87,13,0
782,88,13,0
782,89,13,0
782,90,13,0
782,91,13,0
782,92,13,0
782,93,13,0
782,94,13,0
782,95,13,0
782,96,13,0
782,97,13,0
782,98,13,0
782,99,13,0
782,100,13,0
782,101,13,0
782,102,13,0
782,103,13,0
782,104,13,0
782,105,13,1
782,106,13,0
782,107,13,0
782,108,13,0
782,109,13,0
782,110,13,0
782,111,13,0
782,0,14,0
782,1,14,0
782,2,14,0
782,3,14,0
782,4,14,0
782,5,14,1
782,6,14,0
782,7,14,0
782,8,14,0
782,9,14,0
782,10,14,0
782,11,14,0
782,12,14,0
782,13,14,0
782,14,14,1
782,15,14,0
782,16,14,0
782,17,14,0
782,18,14,0
782,19,14,0
782,20,14,0
782,21,14,0
782,22,14,0
782,23,14,0
782,24,14,0
782,25,14,0
782,26,14,0
782,27,14,0
782,28,14,0
782,29,14,0
782,30,14,0
782,31,14,1
782,32,14,0
782,33,14,0
782,34,14,0
782,35,14,0
782,36,14,0
782,37,14,1
782,38,14,0
782,39,14,0
782,40,14,0
782,41,14,0
782,42,14,0
782,43,14,0
782,44,14,0
782,45,14,0
782,46,14,0
782,47,14,0
782,48,14,0
782,49,14,0
782,50,14,0
782,51,14,0
782,52,14,0
782,53,14,0
782,54,14,0
782,55,14,0
782,56,14,0
782,57,14,0
782,58,14,0
782,59,14,0
782,60,14,0
782,61,14,0
782,62,14,0
782,63,14,0
782,64,14,0
782,65,14,0
782,66,14,0
782,67,14,1
782,68,14,0
782,69,14,0
782,70,14,0
782,71,14,0
782,72,14,0
782,73,14,0
782,74,14,0
782,75,14,0
782,76,14,0
782,77,14,0
782,78,14,0
782,79,14,0
782,80,14,0
782,81,14,0
782,82,14,0
782,83,14,0
782,84,14,0
782,85,14,0
782,86,14,0
782,87,14,0
782,88,14,0
782,89,14,0
782,90,14,0
782,91,14,0
782,92,14,0
782,93,14,0
782,94,14,0
782,95,14,0
782,96,14,0
782,97,14,0
782,98,14,0
782,99,14,0
782,100,14,0
782,101,14,0
782,102,14,0
782,103,14,0
782,104,14,0
782,105,14,0
782,106,14,0
782,107,14,0
782,108,14,0
782,109,14,0
782,110,14,0
782,111,14,0
782,0,15,0
782,1,15,0
782,2,15,0
782,3,15,0
782,4,15,0
782,5,15,0
782,6,15,0
782,7,15,0
782,8,15,0
782,9,15,1
782,10,15,0
782,11,15,0
782,12,15,0
782,13,15,1
782,14,15,0
782,15,15,0
782,16,15,0
782,17,15,0
782,18,15,0
782,19,15,0
782,20,15,0
782,21,15,0
782,22,15,0
782,23,15,0
782,24,15,0
782,25,15,0
782,26,15,0
782,27,15,0
782,28,15,0
782,29,15,0
782,30,15,0
782,31,15,0
782,32,15,0
782,33,15,0
782,34,15,0
782,35,15,0
782,36,15,0
782,37,15,0
782,38,15,0
782,39,15,0
782,40,15,0
782,41,15,0
782,42,15,0
782,43,15,0
782,44,15,0
782,45,15,0
782,46,15,0
782,47,15,0
782,48,15,0
782,49,15,0
782,50,15,0
782,51,15,0
782,52,15,0
782,53,15,0
782,54,15,0
782,55,15,0
782,56,15,0
782,57,15,0
782,58,15,0
782,59,15,0
782,60,15,0
782,61,15,0
782,62,15,0
782,63,15,0
782,64,15,0
782,65,15,0
782,66,15,0
782,67,15,0
782,68,15,0
782,69,15,0
782,70,15,0
782,71,15,0
782,72,15,0
782,73,15,0
782,74,15,0
782,75,15,0
782,76,15,1
782,77,15,0
782,78,15,0
782,79,15,0
782,80,15,0
782,81,15,0
782,82,15,1
782,83,15,0
782,84,15,0
782,85,15,0
782,86,15,0
782,87,15,0
782,88,15,0
782,89,15,0
782,90,15,0
782,91,15,0
782,92,15,0
782,93,15,0
782,94,15,0
782,95,15,0
782,96,15,1
782,97,15,0
782,98,15,1
782,99,15,0
782,100,15,0
782,101,15,0
782,102,15,0
782,103,15,0
782,104,15,0
782,105,15,0
782,106,15,0
782,107,15,0
782,108,15,0
782,109,15,0
782,110,15,0
782,111,15,0
782,0,16,0
782,1,16,0
782,2,16,0
782,3,16,0
782,4,16,0
782,5,16,1
782,6,16,0
782,7,16,0
782,8,16,0
782,9,16,0
782,10,16,0
782,11,16,0
782,12,16,0
782,13,16,0
782,14,16,0
782,15,16,0
782,16,16,0
782,17,16,0
782,18,16,0
782,19,16,0
782,20,16,0
782,21,16,0
782,22,16,0
782,23,16,0
782,24,16,0
782,25,16,0
782,26,16,0
782,27,16,0
782,28,16,0
782,29,16,0
782,30,16,0
782,31,16,0
782,32,16,0
782,33,16,0
782,34,16,0
782,35,16,0
782,36,16,0
782,37,16,0
782,38,16,0
782,39,16,0
782,40,16,0
782,41,16,0
782,42,16,0
782,43,16,0
782,44,16,0
782,45,16,0
782,46,16,0
782,47,16,1
782,48,16,0
782,49,16,0
782,50,16,0
782,51,16,0
782,52,16,0
782,53,16,0
782,54,16,0
782,55,16,0
782,56,16,0
782,57,16,0
782,58,16,0
782,59,16,0
782,60,16,1
782,61,16,0
782,62,16,0
782,63,16,0
782,64,16,0
782,65,16,0
782,66,16,0
782,67,16,0
782,68,16,0
782,69,16,0
782,70,16,0
782,71,16,0
782,72,16,0
782,73,16,0
782,74,16,0
782,75,16,0
782,76,16,0
782,77,16,0
782,78,16,0
782,79,16,0
782,80,16,0
782,81,16,0
782,82,16,0
782,83,16,0
782,84,16,0
782,85,16,0
782,86,16,0
782,87,16,0
782,88,16,1
782,89,16,0
782,90,16,0
782,91,16,0
782,92,16,0
782,93,16,0
782,94,16,1
782,95,16,0
782,96,16,0
782,97,16,1
782,98,16,0
782,99,16,0
782,100,16,0
782,101,16,0
782,102,16,0
782,103,16,0
782,104,16,0
782,105,16,0
782,106,16,0
782,107,16,0
782,108,16,0
782,109,16,0
782,110,16,0
782,111,16,0
782,0,17,0
782,1,17,0
782,2,17,0
782,3,17,1
782,4,17,0
782,5,17,0
782,6,17,0
782,7,17,0
782,8,17,0
782,9,17,0
782,10,17,0
782,11,17,0
782,12,17,0
782,13,17,0
782,14,17,0
782,15,17,0
782,16,17,0
782,17,17,0
782,18,17,0
782,19,17,0
782,20,17,0
782,21,17,0
782,22,17,0
782,23,17,0
782,24,17,0
782,25,17,0
782,26,17,0
782,27,17,0
782,28,17,0
782,29,17,0
782,30,17,0
782,31,17,0
782,32,17,0
782,33,17,0
782,34,17,0
782,35,17,0
782,36,17,0
782,37,17,0
782,38,17,0
782,39,17,0
782,40,17,0
782,41,17,0
782,42,17,1
782,43,17,0
782,44,17,0
782,45,17,0
782,46,17,0
782,47,17,0
782,48,17,0
782,49,17,0
782,50,17,0
782,51,17,0
782,52,17,0
782,53,17,0
782,54,17,0
782,55,17,0
782,56,17,0
782,57,17,0
782,58,17,0
782,59,17,0
782,60,17,0
782,61,17,0
782,62,17,0
782,63,17,0
782,64,17,0
782,65,17,0
782,66,17,0
782,67,17,1
782,68,17,0
782,69,17,0
782,70,17,0
782,71,17,0
782,72,17,0
782,73,17,0
782,74,17,0
782,75,17,0
782,76,17,0
782,77,17,0
782,78,17,0
782,79,17,1
782,80,17,0
782,81,17,0
782,82,17,0
782,83,17,0
782,84,17,0
782,85,17,0
782,86,17,0
782,87,17,0
782,88,17,1
782,89,17,0
782,90,17,0
782,91,17,0
782,92,17,0
782,93,17,0
782,94,17,0
782,95,17,0
782,96,17,0
782,97,17,0
782,98,17,0
782,99,17,0
782,100,17,0
782,101,17,0
782,102,17,0
782,103,17,0
782,104,17,0
782,105,17,0
782,106,17,0
782,107,17,0
782,108,17,0
782,109,17,0
782,110,17,0
782,111,17,0
782,0,18,0
782,1,18,0
782,2,18,0
782,3,18,0
782,4,18,0
782,5,18,0
782,6,18,0
782,7,18,0
782,8,18,0
782,9,18,0
782,10,18,0
782,11,18,0
782,12,18,0
782,13,18,0
782,14,18,0
782,15,18,0
782,16,18,0
782,17,18,0
782,18,18,0
782,19,18,0
782,20,18,0
782,21,18,0
782,22,18,0
782,23,18,0
782,24,18,0
782,25,18,0
782,26,18,0
782,27,18,0
782,28,18,0
782,29,18,0
782,30,18,0
782,31,18,0
782,32,18,0
782,33,18,0
782,34,18,0
782,35,18,0
782,36,18,0
782,37,18,0
782,38,18,0
782,39,18,0
782,40,18,0
782,41,18,1
782,42,18,0
782,43,18,0
782,44,18,0
782,45,18,0
782,46,18,0
782,47,18,0
782,48,18,0
782,49,18,0
782,50,18,0
782,51,18,0
782,52,18,0
782,53,18,0
782,54,18,0
782,55,18,0
782,56,18,0
782,57,18,0
782,58,18,0
782,59,18,0
782,60,18,0
782,61,18,0
782,62,18,0
782,63,18,0
782,64,18,0
782,65,18,0
782,66,18,0
782,67,18,0
782,68,18,0
782,69,18,0
782,70,18,0
782,71,18,0
782,72,18,0
782,73,18,0
782,74,18,0
782,75,18,0
782,76,18,0
782,77,18,0
782,78,18,0
782,79,18,0
782,80,18,0
782,81,18,0
782,82,18,1
782,83,18,0
782,84,18,0
782,85,18,0
782,86,18,0
782,87,18,0
782,88,18,0
782,89,18,0
782,90,18,0
782,91,18,0
782,92,18,0
782,93,18,0
782,94,18,0
782,95,18,0
782,96,18,0
782,97,18,0
782,98,18,0
782,99,18,0
782,100,18,0
782,101,18,0
782,102,18,0
782,103,18,0
782,104,18,0
782,105,18,0
782,106,18,0
782,107,18,0
782,108,18,0
782,109,18,0
782,110,18,0
782,111,18,0
782,0,19,0
782,1,19,0
782,2,19,0
782,3,19,0
782,4,19,0
782,5,19,0
782,6,19,0
782,7,19,0
782,8,19,0
782,9,19,0
782,10,19,0
782,11,19,0
782,12,19,0
782,13,19,0
782,14,19,0
782,15,19,0
782,16,19,0
782,17,19,0
782,18,19,0
782,19,19,0
782,20,19,0
782,21,19,1
782,22,19,0
782,23,19,0
782,24,19,0
782,25,19,0
782,26,19,0
782,27,19,0
782,28,19,0
782,29,19,0
782,30,19,0
782,31,19,0
782,32,19,0
782,33,19,0
782,34,19,0
782,35,19,0
782,36,19,0
782,37,19,0
782,38,19,0
782,39,19,0
782,40,19,1
782,41,19,0
782,42,19,0
782,43,19,0
782,44,19,0
782,45,19,0
782,46,19,0
782,47,19,0
782,48,19,0
782,49,19,0
782,50,19,0
782,51,19,0
782,52,19,0
782,53,19,0
782,54,19,0
782,55,19,0
782,56,19,0
782,57,19,0
782,58,19,0
782,59,19,0
782,60,19,0
782,61,19,0
782,62,19,0
782,63,19,0
782,64,19,0
782,65,19,0
782,66,19,0
782,67,19,0
782,68,19,0
782,69,19,0
782,70,19,0
782,71,19,0
782,72,19,0
782,73,19,0
782,74,19,0
782,75,19,0
782,76,19,0
782,77,19,0
782,78,19,0
782,79,19,0
782,80,19,0
782,81,19,0
782,82,19,0
782,83,19,0
782,84,19,0
782,85,19,1
782,86,19,1
782,87,19,0
782,88,19,0
782,89,19,0
782,90,19,0
782,91,19,0
782,92,19,0
782,93,19,0
782,94,19,0
782,95,19,0
782,96,19,0
782,97,19,0
782,98,19,0
782,99,19,0
782,100,19,0
782,101,19,0
782,102,19,0
782,103,19,0
782,104,19,0
782,105,19,0
782,106,19,0
782,107,19,0
782,108,19,0
782,109,19,0
782,110,19,0
782,111,19,0
782,0,20,0
782,1,20,0
782,2,20,0
782,3,20,1
782,4,20,0
782,5,20,0
782,6,20,0
782,7,20,0
782,8,20,0
782,9,20,0
782,10,20,0
782,11,20,0
782,12,20,0
782,13,20,0
782,14,20,0
782,15,20,0
782,16,20,0
782,17,20,0
782,18,20,0
782,19,20,0
782,20,20,0
782,21,20,0
782,22,20,0
782,23,20,0
782,24,20,0
782,25,20,0
782,26,20,0
782,27,20,0
782,28,20,0
782,29,20,0
782,30,20,0
782,31,20,0
782,32,20,0
782,33,20,0
782,34,20,0
782,35,20,0
782,36,20,0
782,37,20,0
782,38,20,0
782,39,20,0
782,40,20,1
782,41,20,0
782,42,20,0
782,43,20,0
782,44,20,0
782,45,20,0
782,46,20,0
782,47,20,0
782,48,20,0
782,49,20,0
782,50,20,0
782,51,20,0
782,52,20,0
782,53,20,0
782,54,20,0
782,55,20,0
782,56,20,0
782,57,20,0
782,58,20,0
782,59,20,0
782,60,20,0
782,61,20,0
782,62,20,0
782,63,20,0
782,64,20,0
782,65,20,0
782,66,20,0
782,67,20,0
782,68,20,0
782,69,20,0
782,70,20,0
782,71,20,0
782,72,20,0
782,73,20,0
782,74,20,0
782,75,20,0
782,76,20,0
782,77,20,0
782,78,20,0
782,79,20,0
782,80,20,0
782,81,20,0
782,82,20,0
782,83,20,0
782,84,20,0
782,85,20,0
782,86,20,0
782,87,20,0
782,88,20,0
782,89,20,0
782,90,20,0
782,91,20,0
782,92,20,0
782,93,20,0
782,94,20,0
782,95,20,0
782,96,20,0
782,97,20,0
782,98,20,0
782,99,20,0
782,100,20,0
782,101,20,0
782,102,20,0
782,103,20,0
782,104,20,0
782,105,20,0
782,106,20,0
782,107,20,0
782,108,20,0
782,109,20,0
782,110,20,0
782,111,20,0
782,0,21,0
782,1,21,0
782,2,21,0
782,3,21,1
782,4,21,0
782,5,21,0
782,6,21,0
782,7,21,0
782,8,21,0
782,9,21,0
782,10,21,0
782,11,21,0
782,12,21,0
782,13,21,0
782,14,21,0
782,15,21,0
782,16,21,0
782,17,21,0
782,18,21,0
782,19,21,0
782,20,21,0
782,21,21,0
782,22,21,0
782,23,21,0
782,24,21,0
782,25,21,0
782,26,21,0
782,27,21,0
782,28,21,0
782,29,21,0
782,30,21,0
782,31,21,0
782,32,21,0
782,33,21,0
782,34,21,0
782,35,21,0
782,36,21,0
782,37,21,0
782,38,21,0
782,39,21,0
782,40,21,0
782,41,21,0
782,42,21,0
782,43,21,0
782,44,21,0
782,45,21,0
782,46,21,0
782,47,21,0
782,48,21,0
782,49,21,0
782,50,21,0
782,51,21,0
782,52,21,0
782,53,21,0
782,54,21,0
782,55,21,0
782,56,21,0
782,57,21,0
782,58,21,0
782,59,21,0
782,60,21,0
782,61,21,0
782,62,21,0
782,63,21,0
782,64,21,0
782,65,21,0
782,66,21,1
782,67,21,0
782,68,21,0
782,69,21,0
782,70,21,0
782,71,21,1
782,72,21,0
782,73,21,0
782,74,21,0
782,75,21,0
782,76,21,0
782,77,21,0
782,78,21,0
782,79,21,0
782,80,21,0
782,81,21,0
782,82,21,0
782,83,21,0
782,84,21,0
782,85,21,0
782,86,21,0
782,87,21,0
782,88,21,1
782,89,21,0
782,90,21,0
782,91,21,0
782,92,21,0
782,93,21,0
782,94,21,0
782,95,21,0
782,96,21,0
782,97,21,0
782,98,21,0
782,99,21,0
782,100,21,0
782,101,21,0
782,102,21,0
782,103,21,0
782,104,21,0
782,105,21,0
782,106,21,0
782,107,21,0
782,108,21,0
782,109,21,0
782,110,21,0
782,111,21,0
782,0,22,1
782,1,22,0
782,2,22,0
782,3,22,0
782,4,22,1
782,5,22,0
782,6,22,0
782,7,22,0
782,8,22,0
782,9,22,0
782,10,22,0
782,11,22,0
782,12,22,0
782,13,22,0
782,14,22,0
782,15,22,0
782,16,22,0
782,17,22,0
782,18,22,0
782,19,22,0
782,20,22,0
782,21,22,0
782,22,22,0
782,23,22,0
782,24,22,0
782,25,22,0
782,26,22,0
782,27,22,0
782,28,22,0
782,29,22,0
782,30,22,0
782,31,22,0
782,32,22,0
782,33,22,0
782,34,22,0
782,35,22,0
782,36,22,0
782,37,22,0
782,38,22,0
782,39,22,0
782,40,22,0
782,41,22,1
782,42,22,0
782,43,22,0
782,44,22,0
782,45,22,0
782,46,22,0
782,47,22,0
782,48,22,0
782,49,22,0
782,50,22,0
782,51,22,0
782,52,22,0
782,53,22,0
782,54,22,0
782,55,22,0
782,56,22,0
782,57,22,0
782,58,22,0
782,59,22,0
782,60,22,0
782,61,22,0
782,62,22,0
782,63,22,0
782,64,22,0
782,65,22,0
782,66,22,0
782,67,22,0
782,68,22,0
782,69,22,0
782,70,22,0
782,71,22,0
782,72,22,0
782,73,22,0
782,74,22,0
782,75,22,0
782,76,22,0
782,77,22,0
782,78,22,0
782,79,22,0
782,80,22,0
782,81,22,0
782,82,22,0
782,83,22,0
782,84,22,0
782,85,22,0
782,86,22,1
782,87,22,0
782,88,22,0
782,89,22,0
782,90,22,0
782,91,22,0
782,92,22,0
782,93,22,0
782,94,22,0
782,95,22,0
782,96,22,0
782,97,22,0
782,98,22,0
782,99,22,0
782,100,22,0
782,101,22,0
782,102,22,0
782,103,22,0
782,104,22,0
782,105,22,0
782,106,22,0
782,107,22,0
782,108,22,0
782,109,22,0
782,110,22,0
782,111,22,0
782,0,23,0
782,1,23,0
782,2,23,0
782,3,23,0
782,4,23,0
782,5,23,0
782,6,23,0
782,7,23,0
782,8,23,0
782,9,23,0
782,10,23,0
782,11,23,1
782,12,23,0
782,13,23,0
782,14,23,1
782,15,23,0
782,16,23,0
782,17,23,0
782,18,23,0
782,19,23,0
782,20,23,0
782,21,23,0
782,22,23,0
782,23,23,0
782,24,23,0
782,25,23,0
782,26,23,0
782,27,23,0
782,28,23,1
782,29,23,0
782,30,23,0
782,31,23,0
782,32,23,0
782,33,23,0
782,34,23,0
782,35,23,0
782,36,23,0
782,37,23,0
782,38,23,0
782,39,23,1
782,40,23,0
782,41,23,0
782,42,23,0
782,43,23,1
782,44,23,0
782,45,23,0
782,46,23,0
782,47,23,0
782,48,23,0
782,49,23,0
782,50,23,0
782,51,23,0
782,52,23,0
782,53,23,0
782,54,23,0
782,55,23,0
782,56,23,0
782,57,23,0
782,58,23,0
782,59,23,0
782,60,23,0
782,61,23,0
782,62,23,0
782,63,23,0
782,64,23,0
782,65,23,0
782,66,23,0
782,67,23,0
782,68,23,0
782,69,23,0
782,70,23,0
782,71,23,0
782,72,23,0
782,73,23,0
782,74,23,0
782,75,23,0
782,76,23,0
782,77,23,0
782,78,23,0
782,79,23,0
782,80,23,0
782,81,23,0
782,82,23,0
782,83,23,1
782,84,23,0
782,85,23,1
782,86,23,0
782,87,23,0
782,88,23,0
782,89,23,0
782,90,23,0
782,91,23,0
782,92,23,0
782,93,23,0
782,94,23,0
782,95,23,0
782,96,23,0
782,97,23,0
782,98,23,0
782,99,23,0
782,100,23,0
782,101,23,0
782,102,23,0
782,103,23,0
782,104,23,0
782,105,23,0
782,106,23,0
782,107,23,0
782,108,23,0
782,109,23,0
782,110,23,0
782,111,23,0
782,0,24,0
782,1,24,0
782,2,24,1
782,3,24,0
782,4,24,0
782,5,24,0
782,6,24,0
782,7,24,0
782,8,24,0
782,9,24,0
782,10,24,0
782,11,24,1
782,12,24,1
782,13,24,1
782,14,24,0
782,15,24,0
782,16,24,0
782,17,24,0
782,18,24,0
782,19,24,0
782,20,24,0
782,21,24,0
782,22,24,1
782,23,24,0
782,24,24,0
782,25,24,0
782,26,24,0
782,27,24,0
782,28,24,0
782,29,24,0
782,30,24,0
782,31,24,0
782,32,24,0
782,33,24,0
782,34,24,0
782,35,24,0
782,36,24,0
782,37,24,0
782,38,24,1
782,39,24,0
782,40,24,0
782,41,24,0
782,42,24,0
782,43,24,0
782,44,24,0
782,45,24,0
782,46,24,0
782,47,24,0
782,48,24,0
782,49,24,0
782,50,24,0
782,51,24,0
782,52,24,0
782,53,24,0
782,54,24,0
782,55,24,0
782,56,24,0
782,57,24,0
782,58,24,0
782,59,24,0
782,60,24,0
782,61,24,0
782,62,24,0
782,63,24,0
782,64,24,0
782,65,24,0
782,66,24,0
782,67,24,0
782,68,24,0
782,69,24,0
782,70,24,0
782,71,24,0
782,72,24,0
782,73,24,0
782,74,24,0
782,75,24,0
782,76,24,0
782,77,24,1
782,78,24,0
782,79,24,0
782,80,24,0
782,81,24,0
782,82,24,0
782,83,24,0
782,84,24,0
782,85,24,0
782,86,24,0
782,87,24,0
782,88,24,0
782,89,24,0
782,90,24,0
782,91,24,0
782,92,24,0
782,93,24,0
782,94,24,0
782,95,24,0
782,96,24,0
782,97,24,0
782,98,24,0
782,99,24,0
782,100,24,0
782,101,24,0
782,102,24,0
782,103,24,0
782,104,24,0
782,105,24,0
782,106,24,0
782,107,24,0
782,108,24,1
782,109,24,0
782,110,24,0
782,111,24,0
782,0,25,0
782,1,25,0
782,2,25,0
782,3,25,0
782,4,25,0
782,5,25,0
782,6,25,0
782,7,25,0
782,8,25,0
782,9,25,0
782,10,25,0
782,11,25,0
782,12,25,0
782,13,25,0
782,14,25,1
782,15,25,0
782,16,25,0
782,17,25,0
782,18,25,0
782,19,25,0
782,20,25,1
782,21,25,0
782,22,25,0
782,23,25,0
782,24,25,0
782,25,25,0
782,26,25,0
782,27,25,0
782,28,25,0
782,29,25,0
782,30,25,0
782,31,25,0
782,32,25,0
782,33,25,0
782,34,25,0
782,35,25,0
782,36,25,0
782,37,25,0
782,38,25,0
782,39,25,0
782,40,25,0
782,41,25,0
782,42,25,0
782,43,25,0
782,44,25,0
782,45,25,0
782,46,25,0
782,47,25,0
782,48,25,0
782,49,25,0
782,50,25,0
782,51,25,0
782,52,25,0
782,53,25,0
782,54,25,0
782,55,25,0
782,56,25,0
782,57,25,1
782,58,25,0
782,59,25,0
782,60,25,0
782,61,25,0
782,62,25,0
782,63,25,0
782,64,25,0
782,65,25,0
782,66,25,0
782,67,25,0
782,68,25,0
782,69,25,0
782,70,25,0
782,71,25,0
782,72,25,0
782,73,25,0
782,74,25,1
782,75,25,0
782,76,25,0
782,77,25,0
782,78,25,0
782,79,25,0
782,80,25,0
782,81,25,0
782,82,25,0
782,83,25,0
782,84,25,0
782,85,25,0
782,86,25,0
782,87,25,0
782,88,25,0
782,89,25,0
782,90,25,0
782,91,25,0
782,92,25,0
782,93,25,0
782,94,25,0
782,95,25,0
782,96,25,0
782,97,25,0
782,98,25,0
782,99,25,0
782,100,25,0
782,101,25,0
782,102,25,0
782,103,25,0
782,104,25,0
782,105,25,0
782,106,25,0
782,107,25,0
782,108,25,0
782,109,25,0
782,110,25,0
782,111,25,0
782,0,26,0
782,1,26,0
782,2,26,0
782,3,26,0
782,4,26,0
782,5,26,0
782,6,26,0
782,7,26,0
782,8,26,0
782,9,26,0
782,10,26,0
782,11,26,0
782,12,26,0
782,13,26,0
782,14,26,0
782,15,26,0
782,16,26,0
782,17,26,0
782,18,26,0
782,19,26,0
782,20,26,0
782,21,26,0
782,22,26,0
782,23,26,0
782,24,26,0
782,25,26,0
782,26,26,0
782,27,26,0
782,28,26,0
782,29,26,0
782,30,26,0
782,31,26,0
782,32,26,0
782,33,26,0
782,34,26,0
782,35,26,0
782,36,26,0
782,37,26,0
782,38,26,1
782,39,26,0
782,40,26,0
782,41,26,0
782,42,26,0
782,43,26,1
782,44,26,0
782,45,26,0
782,46,26,0
782,47,26,0
782,48,26,0
782,49,26,0
782,50,26,0
782,51,26,0
782,52,26,0
782,53,26,0
782,54,26,0
782,55,26,0
782,56,26,0
782,57,26,0
782,58,26,0
782,59,26,0
782,60,26,0
782,61,26,0
782,62,26,0
782,63,26,0
782,64,26,0
782,65,26,0
782,66,26,0
782,67,26,0
782,68,26,0
782,69,26,0
782,70,26,0
782,71,26,0
782,72,26,0
782,73,26,0
782,74,26,0
782,75,26,0
782,76,26,0
782,77,26,0
782,78,26,0
782,79,26,0
782,80,26,0
782,81,26,0
782,82,26,0
782,83,26,0
782,84,26,0
782,85,26,0
782,86,26,0
782,87,26,0
782,88,26,0
782,89,26,0
782,90,26,0
782,91,26,0
782,92,26,0
782,93,26,0
782,94,26,0
782,95,26,0
782,96,26,0
782,97,26,0
782,98,26,0
782,99,26,0
782,100,26,1
782,101,26,0
782,102,26,0
782,103,26,0
782,104,26,0
782,105,26,0
782,106,26,0
782,107,26,0
782,108,26,0
782,109,26,0
782,110,26,0
782,111,26,0
782,0,27,0
782,1,27,0
782,2,27,0
782,3,27,0
782,4,27,0
782,5,27,0
782,6,27,0
782,7,27,0
782,8,27,0
782,9,27,0
782,10,27,0
782,11,27,0
782,12,27,0
782,13,27,0
782,14,27,0
782,15,27,0
782,16,27,0
782,17,27,0
782,18,27,0
782,19,27,0
782,20,27,0
782,21,27,0
782,22,27,0
782,23,27,0
782,24,27,0
782,25,27,0
782,26,27,0
782,27,27,0
782,28,27,0
782,29,27,0
782,30,27,0
782,31,27,0
782,32,27,0
782,33,27,0
782,34,27,0
782,35,27,0
782,36,27,1
782,37,27,0
782,38,27,0
782,39,27,0
782,40,27,0
782,41,27,0
782,42,27,0
782,43,27,0
782,44,27,0
782,45,27,0
782,46,27,0
782,47,27,0
782,48,27,0
782,49,27,0
782,50,27,0
782,51,27,0
782,52,27,0
782,53,27,0
782,54,27,0
782,55,27,0
782,56,27,0
782,57,27,0
782,58,27,0
782,59,27,0
782,60,27,1
782,61,27,0
782,62,27,0
782,63,27,0
782,64,27,0
782,65,27,0
782,66,27,0
782,67,27,0
782,68,27,0
782,69,27,0
782,70,27,0
782,71,27,0
782,72,27,0
782,73,27,0
782,74,27,0
782,75,27,0
782,76,27,1
782,77,27,0
782,78,27,0
782,79,27,0
782,80,27,0
782,81,27,0
782,82,27,0
782,83,27,0
782,84,27,0
782,85,27,0
782,86,27,0
782,87,27,0
782,88,27,1
782,89,27,0
782,90,27,0
782,91,27,0
782,92,27,0
782,93,27,0
782,94,27,0
782,95,27,0
782,96,27,0
782,97,27,0
782,98,27,0
782,99,27,0
782,100,27,0
782,101,27,1
782,102,27,0
782,103,27,0
782,104,27,0
782,105,27,0
782,106,27,0
782,107,27,0
782,108,27,0
782,109,27,0
782,110,27,0
782,111,27,0
782,0,28,0
782,1,28,1
782,2,28,0
782,3,28,0
782,4,28,0
782,5,28,0
782,6,28,0
782,7,28,0
782,8,28,0
782,9,28,0
782,10,28,0
782,11,28,0
782,12,28,0
782,13,28,0
782,14,28,0
782,15,28,0
782,16,28,0
782,17,28,0
782,18,28,0
782,19,28,0
782,20,28,0
782,21,28,0
782,22,28,0
782,23,28,0
782,24,28,0
782,25,28,0
782,26,28,0
782,27,28,0
782,28,28,0
782,29,28,0
782,30,28,0
782,31,28,0
782,32,28,0
782,33,28,0
782,34,28,0
782,35,28,0
782,36,28,0
782,37,28,0
782,38,28,0
782,39,28,0
782,40,28,0
782,41,28,0
782,42,28,0
782,43,28,0
782,44,28,0
782,45,28,0
782,46,28,0
782,47,28,0
782,48,28,0
782,49,28,0
782,50,28,0
782,51,28,0
782,52,28,0
782,53,28,1
782,54,28,0
782,55,28,0
782,56,28,0
782,57,28,0
782,58,28,0
782,59,28,0
782,60,28,0
782,61,28,0
782,62,28,0
782,63,28,0
782,64,28,0
782,65,28,0
782,66,28,0
782,67,28,0
782,68,28,0
782,69,28,0
782,70,28,0
782,71,28,0
782,72,28,0
782,73,28,0
782,74,28,0
782,75,28,0
782,76,28,0
782,77,28,0
782,78,28,0
782,79,28,0
782,80,28,0
782,81,28,0
782,82,28,0
782,83,28,0
782,84,28,0
782,85,28,0
782,86,28,0
782,87,28,0
782,88,28,0
782,89,28,0
782,90,28,0
782,91,28,0
782,92,28,0
782,93,28,0
782,94,28,0
782,95,28,0
782,96,28,0
782,97,28,0
782,98,28,0
782,99,28,0
782,100,28,0
782,101,28,0
782,102,28,0
782,103,28,0
782,104,28,0
782,105,28,0
782,106,28,0
782,107,28,0
782,108,28,0
782,109,28,0
782,110,28,0
782,111,28,0
782,0,29,0
782,1,29,0
782,2,29,0
782,3,29,0
782,4,29,1
782,5,29,0
782,6,29,1
782,7,29,0
782,8,29,0
782,9,29,0
782,10,29,0
782,11,29,1
782,12,29,0
782,13,29,0
782,14,29,0
782,15,29,0
782,16,29,0
782,17,29,0
782,18,29,0
782,19,29,0
782,20,29,0
782,21,29,0
782,22,29,0
782,23,29,0
782,24,29,1
782,25,29,0
782,26,29,0
782,27,29,0
782,28,29,0
782,29,29,0
782,30,29,0
782,31,29,0
782,32,29,0
782,33,29,0
782,34,29,0
782,35,29,0
782,36,29,0
782,37,29,0
782,38,29,0
782,39,29,0
782,40,29,0
782,41,29,0
782,42,29,0
782,43,29,0
782,44,29,0
782,45,29,0
782,46,29,0
782,47,29,1
782,48,29,0
782,49,29,0
782,50,29,0
782,51,29,0
782,52,29,0
782,53,29,0
782,54,29,0
782,55,29,0
782,56,29,0
782,57,29,0
782,58,29,0
782,59,29,0
782,60,29,0
782,61,29,0
782,62,29,0
782,63,29,0
782,64,29,0
782,65,29,0
782,66,29,0
782,67,29,0
782,68,29,0
782,69,29,0
782,70,29,0
782,71,29,0
782,72,29,1
782,73,29,0
782,74,29,0
782,75,29,0
782,76,29,0
782,77,29,0
782,78,29,0
782,79,29,0
782,80,29,0
782,81,29,0
782,82,29,1
782,83,29,0
782,84,29,0
782,85,29,0
782,86,29,0
782,87,29,0
782,88,29,0
782,89,29,0
782,90,29,0
782,91,29,0
782,92,29,0
782,93,29,0
782,94,29,0
782,95,29,0
782,96,29,0
782,97,29,0
782,98,29,0
782,99,29,0
782,100,29,0
782,101,29,0
782,102,29,0
782,103,29,0
782,104,29,0
782,105,29,0
782,106,29,0
782,107,29,0
782,108,29,0
782,109,29,0
782,110,29,0
782,111,29,0
782,0,30,0
782,1,30,1
782,2,30,0
782,3,30,0
782,4,30,0
782,5,30,0
782,6,30,0
782,7,30,0
782,8,30,0
782,9,30,0
782,10,30,0
782,11,30,0
782,12,30,0
782,13,30,0
782,14,30,0
782,15,30,0
782,16,30,0
782,17,30,0
782,18,30,0
782,19,30,0
782,20,30,0
782,21,30,0
782,22,30,0
782,23,30,0
782,24,30,0
782,25,30,0
782,26,30,0
782,27,30,0
782,28,30,0
782,29,30,0
782,30,30,0
782,31,30,0
782,32,30,0
782,33,30,0
782,34,30,0
782,35,30,0
782,36,30,0
782,37,30,0
782,38,30,0
782,39,30,0
782,40,30,0
782,41,30,0
782,42,30,0
782,43,30,1
782,44,30,0
782,45,30,0
782,46,30,0
782,47,30,0
782,48,30,0
782,49,30,0
782,50,30,0
782,51,30,0
782,52,30,0
782,53,30,0
782,54,30,0
782,55,30,0
782,56,30,0
782,57,30,0
782,58,30,0
782,59,30,0
782,60,30,0
782,61,30,0
782,62,30,0
782,63,30,0
782,64,30,0
782,65,30,0
782,66,30,0
782,67,30,0
782,68,30,1
782,69,30,0
782,70,30,0
782,71,30,0
782,72,30,0
782,73,30,0
782,74,30,0
782,75,30,0
782,76,30,0
782,77,30,0
782,78,30,0
782,79,30,0
782,80,30,0
782,81,30,0
782,82,30,0
782,83,30,0
782,84,30,0
782,85,30,0
782,86,30,0
782,87,30,0
782,88,30,0
782,89,30,0
782,90,30,0
782,91,30,0
782,92,30,0
782,93,30,0
782,94,30,0
782,95,30,1
782,96,30,0
782,97,30,0
782,98,30,0
782,99,30,0
782,100,30,0
782,101,30,0
782,102,30,0
782,103,30,0
782,104,30,0
782,105,30,0
782,106,30,0
782,107,30,0
782,108,30,0
782,109,30,0
782,110,30,0
782,111,30,0
782,0,31,1
782,1,31,0
782,2,31,0
782,3,31,0
782,4,31,0
782,5,31,0
782,6,31,0
782,7,31,0
782,8,31,0
782,9,31,1
782,10,31,0
782,11,31,0
782,12,31,0
782,13,31,0
782,14,31,0
782,15,31,0
782,16,31,0
782,17,31,0
782,18,31,0
782,19,31,0
782,20,31,0
782,21,31,0
782,22,31,0
782,23,31,0
782,24,31,0
782,25,31,0
782,26,31,0
782,27,31,0
782,28,31,0
782,29,31,0
782,30,31,0
782,31,31,1
782,32,31,0
782,33,31,0
782,34,31,0
782,35,31,0
782,36,31,0
782,37,31,0
782,38,31,1
782,39,31,0
782,40,31,0
782,41,31,1
782,42,31,0
782,43,31,0
782,44,31,0
782,45,31,0
782,46,31,0
782,47,31,0
782,48,31,0
782,49,31,0
782,50,31,1
782,51,31,0
782,52,31,0
782,53,31,1
782,54,31,0
782,55,31,0
782,56,31,0
782,57,31,0
782,58,31,0
782,59,31,0
782,60,31,0
782,61,31,0
782,62,31,0
782,63,31,0
782,64,31,0
782,65,31,0
782,66,31,0
782,67,31,0
782,68,31,0
782,69,31,0
782,70,31,0
782,71,31,0
782,72,31,0
782,73,31,0
782,74,31,0
782,75,31,0
782,76,31,0
782,77,31,0
782,78,31,0
782,79,31,0
782,80,31,0
782,81,31,0
782,82,31,0
782,83,31,0
782,84,31,0
782,85,31,0
782,86,31,1
782,87,31,0
782,88,31,0
782,89,31,0
782,90,31,0
782,91,31,0
782,92,31,0
782,93,31,0
782,94,31,0
782,95,31,0
782,96,31,0
782,97,31,1
782,98,31,0
782,99,31,0
782,100,31,0
782,101,31,0
782,102,31,0
782,103,31,0
782,104,31,0
782,105,31,0
782,106,31,0
782,107,31,0
782,108,31,0
782,109,31,0
782,110,31,0
782,111,31,0
782,0,32,0
782,1,32,0
782,2,32,0
782,3,32,0
782,4,32,0
782,5,32,0
782,6,32,0
782,7,32,0
782,8,32,0
782,9,32,0
782,10,32,0
782,11,32,0
782,12,32,0
782,13,32,0
782,14,32,0
782,15,32,0
782,16,32,0
782,17,32,0
782,18,32,0
782,19,32,0
782,20,32,0
782,21,32,0
782,22,32,0
782,23,32,0
782,24,32,0
782,25,32,0
782,26,32,0
782,27,32,0
782,28,32,0
782,29,32,0
782,30,32,0
782,31,32,0
782,32,32,0
782,33,32,0
782,34,32,0
782,35,32,0
782,36,32,0
782,37,32,0
782,38,32,0
782,39,32,0
782,40,32,0
782,41,32,0
782,42,32,0
782,43,32,0
782,44,32,0
782,45,32,0
782,46,32,0
782,47,32,0
782,48,32,0
782,49,32,0
782,50,32,0
782,51,32,0
782,52,32,0
782,53,32,0
782,54,32,0
782,55,32,0
782,56,32,1
782,57,32,0
782,58,32,0
782,59,32,0
782,60,32,0
782,61,32,0
782,62,32,0
782,63,32,0
782,64,32,0
782,65,32,0
782,66,32,0
782,67,32,0
782,68,32,0
782,69,32,0
782,70,32,0
782,71,32,0
782,72,32,0
782,73,32,0
782,74,32,0
782,75,32,0
782,76,32,0
782,77,32,0
782,78,32,0
782,79,32,0
782,80,32,0
782,81,32,0
782,82,32,0
782,83,32,0
782,84,32,0
782,85,32,0
782,86,32,0
782,87,32,0
782,88,32,0
782,89,32,0
782,90,32,0
782,91,32,1
782,92,32,0
782,93,32,0
782,94,32,0
782,95,32,0
782,96,32,0
782,97,32,0
782,98,32,0
782,99,32,0
782,100,32,0
782,101,32,0
782,102,32,1
782,103,32,0
782,104,32,0
782,105,32,0
782,106,32,0
782,107,32,0
782,108,32,0
782,109,32,0
782,110,32,0
782,111,32,0
782,0,33,0
782,1,33,0
782,2,33,0
782,3,33,0
782,4,33,0
782,5,33,0
782,6,33,0
782,7,33,0
782,8,33,0
782,9,33,0
782,10,33,0
782,11,33,0
782,12,33,0
782,13,33,0
782,14,33,0
782,15,33,0
782,16,33,0
782,17,33,0
782,18,33,0
782,19,33,0
782,20,33,0
782,21,33,0
782,22,33,0
782,23,33,0
782,24,33,0
782,25,33,0
782,26,33,0
782,27,33,1
782,28,33,0
782,29,33,1
782,30,33,0
782,31,33,0
782,32,33,0
782,33,33,0
782,34,33,0
782,35,33,0
782,36,33,0
782,37,33,0
782,38,33,0
782,39,33,0
782,40,33,0
782,41,33,0
782,42,33,0
782,43,33,0
782,44,33,0
782,45,33,0
782,46,33,0
782,47,33,0
782,48,33,0
782,49,33,0
782,50,33,0
782,51,33,0
782,52,33,0
782,53,33,0
782,54,33,0
782,55,33,0
782,56,33,0
782,57,33,0
782,58,33,0
782,59,33,0
782,60,33,0
782,61,33,0
782,62,33,0
782,63,33,0
782,64,33,0
782,65,33,0
782,66,33,0
782,67,33,0
782,68,33,0
782,69,33,0
782,70,33,0
782,71,33,1
782,72,33,0
782,73,33,0
782,74,33,0
782,75,33,0
782,76,33,0
782,77,33,0
782,78,33,0
782,79,33,0
782,80,33,0
782,81,33,0
782,82,33,1
782,83,33,0
782,84,33,0
782,85,33,0
782,86,33,0
782,87,33,0
782,88,33,0
782,89,33,0
782,90,33,0
782,91,33,0
782,92,33,0
782,93,33,0
782,94,33,0
782,95,33,0
782,96,33,0
782,97,33,0
782,98,33,0
782,99,33,0
782,100,33,0
782,101,33,0
782,102,33,0
782,103,33,0
782,104,33,0
782,105,33,0
782,106,33,0
782,107,33,0
782,108,33,0
782,109,33,0
782,110,33,0
782,111,33,0
782,0,34,0
782,1,34,0
782,2,34,0
782,3,34,0
782,4,34,0
782,5,34,0
782,6,34,0
782,7,34,0
782,8,34,0
782,9,34,0
782,10,34,0
782,11,34,0
782,12,34,0
782,13,34,1
782,14,34,0
782,15,34,0
782,16,34,0
782,17,34,0
782,18,34,0
782,19,34,0
782,20,34,0
782,21,34,0
782,22,34,0
782,23,34,0
782,24,34,1
782,25,34,0
782,26,34,0
782,27,34,0
782,28,34,0
782,29,34,0
782,30,34,0
782,31,34,0
782,32,34,0
782,33,34,0
782,34,34,0
782,35,34,0
782,36,34,0
782,37,34,0
782,38,34,0
782,39,34,0
782,40,34,0
782,41,34,0
782,42,34,0
782,43,34,0
782,44,34,0
782,45,34,0
782,46,34,0
782,47,34,0
782,48,34,0
782,49,34,0
782,50,34,0
782,51,34,0
782,52,34,0
782,53,34,0
782,54,34,0
782,55,34,0
782,56,34,0
782,57,34,0
782,58,34,0
782,59,34,0
782,60,34,0
782,61,34,0
782,62,34,0
782,63,34,0
782,64,34,0
782,65,34,0
782,66,34,0
782,67,34,0
782,68,34,0
782,69,34,0
782,70,34,0
782,71,34,0
782,72,34,0
782,73,34,0
782,74,34,0
782,75,34,0
782,76,34,0
782,77,34,0
782,78,34,0
782,79,34,0
782,80,34,0
782,81,34,0
782,82,34,0
782,83,34,0
782,84,34,0
782,85,34,0
782,86,34,0
782,87,34,0
782,88,34,0
782,89,34,0
782,90,34,0
782,91,34,0
782,92,34,0
782,93,34,0
782,94,34,0
782,95,34,0
782,96,34,0
782,97,34,0
782,98,34,0
782,99,34,0
782,100,34,0
782,101,34,0
782,102,34,0
782,103,34,0
782,104,34,0
782,105,34,0
782,106,34,0
782,107,34,0
782,108,34,0
782,109,34,0
782,110,34,0
782,111,34,0
782,0,35,0
782,1,35,0
782,2,35,0
782,3,35,0
782,4,35,0
782,5,35,0
782,6,35,0
782,7,35,0
782,8,35,0
782,9,35,0
782,10,35,0
782,11,35,0
782,12,35,0
782,13,35,1
782,14,35,0
782,15,35,0
782,16,35,0
782,17,35,1
782,18,35,0
782,19,35,0
782,20,35,1
782,21,35,0
782,22,35,0
782,23,35,0
782,24,35,0
782,25,35,0
782,26,35,1
782,27,35,0
782,28,35,0
782,29,35,0
782,30,35,0
782,31,35,0
782,32,35,0
782,33,35,0
782,34,35,0
782,35,35,0
782,36,35,0
782,37,35,1
782,38,35,0
782,39,35,0
782,40,35,0
782,41,35,0
782,42,35,0
782,43,35,0
782,44,35,0
782,45,35,0
782,46,35,0
782,47,35,0
782,48,35,0
782,49,35,0
782,50,35,0
782,51,35,1
782,52,35,0
782,53,35,0
782,54,35,0
782,55,35,1
782,56,35,0
782,57,35,0
782,58,35,0
782,59,35,0
782,60,35,0
782,61,35,0
782,62,35,0
782,63,35,0
782,64,35,0
782,65,35,0
782,66,35,0
782,67,35,0
782,68,35,0
782,69,35,0
782,70,35,0
782,71,35,0
782,72,35,0
782,73,35,0
782,74,35,0
782,75,35,0
782,76,35,0
782,77,35,0
782,78,35,0
782,79,35,0
782,80,35,0
782,81,35,0
782,82,35,0
782,83,35,0
782,84,35,0
782,85,35,0
782,86,35,1
782,87,35,0
782,88,35,0
782,89,35,0
782,90,35,0
782,91,35,0
782,92,35,0
782,93,35,1
782,94,35,1
782,95,35,0
782,96,35,0
782,97,35,0
782,98,35,0
782,99,35,0
782,100,35,0
782,101,35,1
782,102,35,0
782,103,35,0
782,104,35,0
782,105,35,0
782,106,35,0
782,107,35,0
782,108,35,0
782,109,35,0
782,110,35,0
782,111,35,0
782,0,36,0
782,1,36,0
782,2,36,0
782,3,36,0
782,4,36,0
782,5,36,0
782,6,36,0
782,7,36,0
782,8,36,0
782,9,36,0
782,10,36,0
782,11,36,0
782,12,36,0
782,13,36,0
782,14,36,0
782,15,36,0
782,16,36,0
782,17,36,0
782,18,36,0
782,19,36,0
782,20,36,0
782,21,36,0
782,22,36,0
782,23,36,0
782,24,36,0
782,25,36,0
782,26,36,0
782,27,36,1
782,28,36,0
782,29,36,0
782,30,36,0
782,31,36,0
782,32,36,0
782,33,36,0
782,34,36,0
782,35,36,0
782,36,36,0
782,37,36,0
782,38,36,0
782,39,36,0
782,40,36,0
782,41,36,0
782,42,36,1
782,43,36,1
782,44,36,0
782,45,36,0
782,46,36,0
782,47,36,0
782,48,36,0
782,49,36,0
782,50,36,0
782,51,36,0
782,52,36,0
782,53,36,0
782,54,36,0
782,55,36,0
782,56,36,0
782,57,36,0
782,58,36,0
782,59,36,0
782,60,36,0
782,61,36,0
782,62,36,0
782,63,36,0
782,64,36,0
782,65,36,0
782,66,36,0
782,67,36,0
782,68,36,0
782,69,36,0
782,70,36,0
782,71,36,0
782,72,36,1
782,73,36,0
782,74,36,0
782,75,36,0
782,76,36,0
782,77,36,1
782,78,36,0
782,79,36,0
782,80,36,0
782,81,36,0
782,82,36,0
782,83,36,0
782,84,36,0
782,85,36,0
782,86,36,0
782,87,36,0
782,88,36,0
782,89,36,0
782,90,36,0
782,91,36,0
782,92,36,0
782,93,36,0
782,94,36,0
782,95,36,0
782,96,36,0
782,97,36,0
782,98,36,0
782,99,36,0
782,100,36,0
782,101,36,0
782,102,36,1
782,103,36,0
782,104,36,0
782,105,36,0
782,106,36,0
782,107,36,0
782,108,36,0
782,109,36,0
782,110,36,0
782,111,36,0
782,0,37,0
782,1,37,0
782,2,37,0
782,3,37,0
782,4,37,0
782,5,37,0
782,6,37,0
782,7,37,0
782,8,37,0
782,9,37,0
782,10,37,0
782,11,37,0
782,12,37,0
782,13,37,0
782,14,37,0
782,15,37,0
782,16,37,0
782,17,37,0
782,18,37,0
782,19,37,0
782,20,37,0
782,21,37,0
782,22,37,0
782,23,37,0
782,24,37,0
782,25,37,0
782,26,37,0
782,27,37,0
782,28,37,0
782,29,37,0
782,30,37,0
782,31,37,0
782,32,37,0
782,33,37,0
782,34,37,0
782,35,37,0
782,36,37,0
782,37,37,0
782,38,37,1
782,39,37,0
782,40,37,0
782,41,37,0
782,42,37,0
782,43,37,0
782,44,37,0
782,45,37,1
782,46,37,0
782,47,37,0
782,48,37,0
782,49,37,0
782,50,37,0
782,51,37,0
782,52,37,0
782,53,37,0
782,54,37,0
782,55,37,0
782,56,37,0
782,57,37,0
782,58,37,0
782,59,37,0
782,60,37,0
782,61,37,0
782,62,37,0
782,63,37,0
782,64,37,1
782,65,37,0
782,66,37,0
782,67,37,0
782,68,37,0
782,69,37,0
782,70,37,0
782,71,37,0
782,72,37,0
782,73,37,0
782,74,37,0
782,75,37,0
782,76,37,0
782,77,37,0
782,78,37,0
782,79,37,0
782,80,37,0
782,81,37,0
782,82,37,0
782,83,37,0
782,84,37,0
782,85,37,0
782,86,37,0
782,87,37,0
782,88,37,0
782,89,37,0
782,90,37,0
782,91,37,0
782,92,37,0
782,93,37,0
782,94,37,0
782,95,37,0
782,96,37,0
782,97,37,0
782,98,37,0
782,99,37,0
782,100,37,0
782,101,37,0
782,102,37,0
782,103,37,0
782,104,37,0
782,105,37,0
782,106,37,0
782,107,37,0
782,108,37,0
782,109,37,0
782,110,37,0
782,111,37,0
782,0,38,0
782,1,38,0
782,2,38,1
782,3,38,0
782,4,38,0
782,5,38,0
782,6,38,1
782,7,38,0
782,8,38,0
782,9,38,0
782,10,38,1
782,11,38,0
782,12,38,0
782,13,38,0
782,14,38,0
782,15,38,0
782,16,38,0
782,17,38,0
782,18,38,0
782,19,38,0
782,20,38,0
782,21,38,0
782,22,38,1
782,23,38,0
782,24,38,0
782,25,38,0
782,26,38,0
782,27,38,0
782,28,38,0
782,29,38,0
782,30,38,0
782,31,38,0
782,32,38,0
782,33,38,0
782,34,38,0
782,35,38,0
782,36,38,0
782,37,38,0
782,38,38,0
782,39,38,0
782,40,38,0
782,41,38,0
782,42,38,0
782,43,38,0
782,44,38,0
782,45,38,0
782,46,38,0
782,47,38,0
782,48,38,0
782,49,38,0
782,50,38,0
782,51,38,0
782,52,38,0
782,53,38,1
782,54,38,0
782,55,38,0
782,56,38,0
782,57,38,1
782,58,38,0
782,59,38,0
782,60,38,0
782,61,38,0
782,62,38,0
782,63,38,0
782,64,38,0
782,65,38,0
782,66,38,0
782,67,38,0
782,68,38,0
782,69,38,0
782,70,38,0
782,71,38,0
782,72,38,0
782,73,38,0
782,74,38,0
782,75,38,0
782,76,38,0
782,77,38,0
782,78,38,0
782,79,38,0
782,80,38,0
782,81,38,0
782,82,38,0
782,83,38,0
782,84,38,0
782,85,38,0
782,86,38,0
782,87,38,0
782,88,38,0
782,89,38,0
782,90,38,0
782,91,38,0
782,92,38,0
782,93,38,0
782,94,38,0
782,95,38,0
782,96,38,0
782,97,38,0
782,98,38,0
782,99,38,0
782,100,38,0
782,101,38,0
782,102,38,0
782,103,38,0
782,104,38,0
782,105,38,0
782,106,38,0
782,107,38,0
782,108,38,0
782,109,38,0
782,110,38,0
782,111,38,0
782,0,39,0
782,1,39,0
782,2,39,0
782,3,39,0
782,4,39,1
782,5,39,0
782,6,39,0
782,7,39,0
782,8,39,0
782,9,39,1
782,10,39,0
782,11,39,1
782,12,39,0
782,13,39,0
782,14,39,0
782,15,39,0
782,16,39,0
782,17,39,0
782,18,39,0
782,19,39,0
782,20,39,0
782,21,39,0
782,22,39,0
782,23,39,0
782,24,39,0
782,25,39,1
782,26,39,0
782,27,39,0
782,28,39,0
782,29,39,0
782,30,39,0
782,31,39,0
782,32,39,0
782,33,39,1
782,34,39,0
782,35,39,0
782,36,39,0
782,37,39,0
782,38,39,0
782,39,39,0
782,40,39,0
782,41,39,0
782,42,39,0
782,43,39,0
782,44,39,1
782,45,39,0
782,46,39,0
782,47,39,0
782,48,39,0
782,49,39,0
782,50,39,0
782,51,39,0
782,52,39,0
782,53,39,0
782,54,39,0
782,55,39,0
782,56,39,0
782,57,39,0
782,58,39,0
782,59,39,0
782,60,39,0
782,61,39,0
782,62,39,0
782,63,39,0
782,64,39,0
782,65,39,0
782,66,39,0
782,67,39,0
782,68,39,0
782,69,39,0
782,70,39,1
782,71,39,0
782,72,39,0
782,73,39,0
782,74,39,0
782,75,39,1
782,76,39,0
782,77,39,0
782,78,39,0
782,79,39,0
782,80,39,0
782,81,39,0
782,82,39,0
782,83,39,0
782,84,39,0
782,85,39,0
782,86,39,0
782,87,39,0
782,88,39,0
782,89,39,0
782,90,39,0
782,91,39,0
782,92,39,0
782,93,39,0
782,94,39,0
782,95,39,0
782,96,39,0
782,97,39,0
782,98,39,0
782,99,39,0
782,100,39,0
782,101,39,0
782,102,39,0
782,103,39,0
782,104,39,0
782,105,39,0
782,106,39,0
782,107,39,0
782,108,39,1
782,109,39,0
782,110,39,0
782,111,39,0
782,0,40,0
782,1,40,0
782,2,40,0
782,3,40,0
782,4,40,0
782,5,40,0
782,6,40,0
782,7,40,0
782,8,40,0
782,9,40,0
782,10,40,0
782,11,40,0
782,12,40,0
782,13,40,0
782,14,40,0
782,15,40,0
782,16,40,0
782,17,40,0
782,18,40,0
782,19,40,0
782,20,40,0
782,21,40,0
782,22,40,0
782,23,40,0
782,24,40,0
782,25,40,0
782,26,40,0
782,27,40,0
782,28,40,0
782,29,40,0
782,30,40,0
782,31,40,0
782,32,40,0
782,33,40,0
782,34,40,0
782,35,40,1
782,36,40,0
782,37,40,0
782,38,40,0
782,39,40,0
782,40,40,0
782,41,40,0
782,42,40,0
782,43,40,0
782,44,40,0
782,45,40,0
782,46,40,0
782,47,40,0
782,48,40,0
782,49,40,1
782,50,40,0
782,51,40,0
782,52,40,0
782,53,40,0
782,54,40,0
782,55,40,0
782,56,40,0
782,57,40,0
782,58,40,0
782,59,40,0
782,60,40,0
782,61,40,0
782,62,40,0
782,63,40,0
782,64,40,0
782,65,40,0
782,66,40,0
782,67,40,0
782,68,40,0
782,69,40,0
782,70,40,0
782,71,40,0
782,72,40,0
782,73,40,1
782,74,40,0
782,75,40,0
782,76,40,0
782,77,40,0
782,78,40,0
782,79,40,0
782,80,40,0
782,81,40,0
782,82,40,0
782,83,40,0
782,84,40,0
782,85,40,0
782,86,40,0
782,87,40,0
782,88,40,0
782,89,40,0
782,90,40,0
782,91,40,0
782,92,40,0
782,93,40,0
782,94,40,0
782,95,40,0
782,96,40,0
782,97,40,0
782,98,40,0
782,99,40,0
782,100,40,0
782,101,40,0
782,102,40,0
782,103,40,0
782,104,40,0
782,105,40,0
782,106,40,0
782,107,40,0
782,108,40,0
782,109,40,0
782,110,40,0
782,111,40,0
782,0,41,0
782,1,41,0
782,2,41,0
782,3,41,0
782,4,41,0
782,5,41,0
782,6,41,0
782,7,41,0
782,8,41,0
782,9,41,0
782,10,41,0
782,11,41,0
782,12,41,0
782,13,41,0
782,14,41,0
782,15,41,0
782,16,41,0
782,17,41,0
782,18,41,0
782,19,41,0
782,20,41,0
782,21,41,0
782,22,41,0
782,23,41,0
782,24,41,0
782,25,41,0
782,26,41,0
782,27,41,0
782,28,41,0
782,29,41,0
782,30,41,0
782,31,41,0
782,32,41,1
782,33,41,0
782,34,41,0
782,35,41,0
782,36,41,0
782,37,41,0
782,38,41,0
782,39,41,0
782,40,41,0
782,41,41,0
782,42,41,0
782,43,41,0
782,44,41,0
782,45,41,0
782,46,41,0
782,47,41,0
782,48,41,0
782,49,41,0
782,50,41,0
782,51,41,0
782,52,41,1
782,53,41,0
782,54,41,0
782,55,41,0
782,56,41,0
782,57,41,0
782,58,41,0
782,59,41,0
782,60,41,0
782,61,41,0
782,62,41,0
782,63,41,1
782,64,41,0
782,65,41,0
782,66,41,0
782,67,41,0
782,68,41,0
782,69,41,0
782,70,41,0
782,71,41,0
782,72,41,0
782,73,41,0
782,74,41,0
782,75,41,0
782,76,41,0
782,77,41,0
782,78,41,0
782,79,41,1
782,80,41,0
782,81,41,0
782,82,41,0
782,83,41,0
782,84,41,0
782,85,41,0
782,86,41,0
782,87,41,0
782,88,41,0
782,89,41,0
782,90,41,0
782,91,41,0
782,92,41,0
782,93,41,0
782,94,41,0
782,95,41,0
782,96,41,0
782,97,41,1
782,98,41,0
782,99,41,0
782,100,41,0
782,101,41,0
782,102,41,0
782,103,41,0
782,104,41,0
782,105,41,0
782,106,41,0
782,107,41,0
782,108,41,0
782,109,41,0
782,110,41,0
782,111,41,0
782,0,42,0
782,1,42,0
782,2,42,0
782,3,42,0
782,4,42,0
782,5,42,0
782,6,42,0
782,7,42,0
782,8,42,0
782,9,42,0
782,10,42,0
782,11,42,0
782,12,42,0
782,13,42,1
782,14,42,0
782,15,42,0
782,16,42,0
782,17,42,0
782,18,42,0
782,19,42,0
782,20,42,0
782,21,42,0
782,22,42,1
782,23,42,0
782,24,42,0
782,25,42,0
782,26,42,0
782,27,42,0
782,28,42,0
782,29,42,0
782,30,42,0
782,31,42,0
782,32,42,0
782,33,42,0
782,34,42,0
782,35,42,0
782,36,42,0
782,37,42,0
782,38,42,0
782,39,42,0
782,40,42,0
782,41,42,0
782,42,42,0
782,43,42,0
782,44,42,0
782,45,42,0
782,46,42,0
782,47,42,1
782,48,42,0
782,49,42,0
782,50,42,0
782,51,42,0
782,52,42,0
782,53,42,0
782,54,42,0
782,55,42,0
782,56,42,0
782,57,42,0
782,58,42,0
782,59,42,0
782,60,42,0
782,61,42,0
782,62,42,0
782,63,42,0
782,64,42,0
782,65,42,0
782,66,42,0
782,67,42,0
782,68,42,0
782,69,42,0
782,70,42,0
782,71,42,0
782,72,42,0
782,73,42,0
782,74,42,0
782,75,42,0
782,76,42,0
782,77,42,0
782,78,42,0
782,79,42,0
782,80,42,0
782,81,42,0
782,82,42,0
782,83,42,0
782,84,42,0
782,85,42,0
782,86,42,0
782,87,42,0
782,88,42,0
782,89,42,0
782,90,42,0
782,91,42,0
782,92,42,0
782,93,42,0
782,94,42,0
782,95,42,0
782,96,42,0
782,97,42,0
782,98,42,0
782,99,42,0
782,100,42,0
782,101,42,0
782,102,42,0
782,103,42,0
782,104,42,0
782,105,42,0
782,106,42,0
782,107,42,0
782,108,42,0
782,109,42,0
782,110,42,0
782,111,42,0
782,0,43,0
782,1,43,0
782,2,43,0
782,3,43,0
782,4,43,0
782,5,43,0
782,6,43,0
782,7,43,0
782,8,43,0
782,9,43,0
782,10,43,0
782,11,43,0
782,12,43,0
782,13,43,0
782,14,43,0
782,15,43,0
782,16,43,0
782,17,43,0
782,18,43,0
782,19,43,0
782,20,43,0
782,21,43,0
782,22,43,0
782,23,43,0
782,24,43,1
782,25,43,0
782,26,43,0
782,27,43,0
782,28,43,0
782,29,43,0
782,30,43,0
782,31,43,0
782,32,43,0
782,33,43,0
782,34,43,0
782,35,43,0
782,36,43,0
782,37,43,0
782,38,43,1
782,39,43,0
782,40,43,0
782,41,43,0
782,42,43,0
782,43,43,0
782,44,43,0
782,45,43,0
782,46,43,0
782,47,43,0
782,48,43,0
782,49,43,0
782,50,43,0
782,51,43,0
782,52,43,0
782,53,43,1
782,54,43,0
782,55,43,0
782,56,43,0
782,57,43,0
782,58,43,0
782,59,43,0
782,60,43,0
782,61,43,0
782,62,43,0
782,63,43,0
782,64,43,0
782,65,43,0
782,66,43,0
782,67,43,0
782,68,43,0
782,69,43,0
782,70,43,0
782,71,43,0
782,72,43,0
782,73,43,0
782,74,43,0
782,75,43,0
782,76,43,0
782,77,43,0
782,78,43,1
782,79,43,0
782,80,43,0
782,81,43,0
782,82,43,0
782,83,43,0
782,84,43,0
782,85,43,0
782,86,43,0
782,87,43,0
782,88,43,0
782,89,43,0
782,90,43,0
782,91,43,0
782,92,43,0
782,93,43,0
782,94,43,0
782,95,43,0
782,96,43,0
782,97,43,0
782,98,43,0
782,99,43,0
782,100,43,0
782,101,43,0
782,102,43,0
782,103,43,0
782,104,43,0
782,105,43,0
782,106,43,0
782,107,43,0
782,108,43,0
782,109,43,0
782,110,43,0
782,111,43,0
782,0,44,0
782,1,44,0
782,2,44,0
782,3,44,0
782,4,44,0
782,5,44,0
782,6,44,0
782,7,44,0
782,8,44,0
782,9,44,0
782,10,44,0
782,11,44,0
782,12,44,0
782,13,44,0
782,14,44,0
782,15,44,0
782,16,44,0
782,17,44,0
782,18,44,0
782,19,44,0
782,20,44,1
782,21,44,0
782,22,44,1
782,23,44,0
782,24,44,0
782,25,44,0
782,26,44,0
782,27,44,0
782,28,44,0
782,29,44,0
782,30,44,0
782,31,44,0
782,32,44,0
782,33,44,0
782,34,44,0
782,35,44,0
782,36,44,0
782,37,44,0
782,38,44,0
782,39,44,0
782,40,44,0
782,41,44,0
782,42,44,0
782,43,44,0
782,44,44,0
782,45,44,0
782,46,44,0
782,47,44,0
782,48,44,0
782,49,44,0
782,50,44,0
782,51,44,0
782,52,44,0
782,53,44,0
782,54,44,0
782,55,44,0
782,56,44,0
782,57,44,0
782,58,44,0
782,59,44,0
782,60,44,0
782,61,44,0
782,62,44,0
782,63,44,0
782,64,44,0
782,65,44,0
782,66,44,0
782,67,44,0
782,68,44,0
782,69,44,0
782,70,44,0
782,71,44,0
782,72,44,0
782,73,44,0
782,74,44,0
782,75,44,0
782,76,44,0
782,77,44,0
782,78,44,0
782,79,44,0
782,80,44,0
782,81,44,0
782,82,44,0
782,83,44,0
782,84,44,0
782,85,44,0
782,86,44,0
782,87,44,0
782,88,44,0
782,89,44,0
782,90,44,0
782,91,44,0
782,92,44,0
782,93,44,0
782,94,44,0
782,95,44,0
782,96,44,0
782,97,44,0
782,98,44,0
782,99,44,0
782,100,44,0
782,101,44,0
782,102,44,0
782,103,44,0
782,104,44,0
782,105,44,0
782,106,44,0
782,107,44,0
782,108,44,0
782,109,44,0
782,110,44,0
782,111,44,0
782,0,45,0
782,1,45,0
782,2,45,0
782,3,45,0
782,4,45,0
782,5,45,0
782,6,45,0
782,7,45,0
782,8,45,0
782,9,45,0
782,10,45,0
782,11,45,0
782,12,45,0
782,13,45,0
782,14,45,0
782,15,45,0
782,16,45,0
782,17,45,0
782,18,45,0
782,19,45,0
782,20,45,0
782,21,45,0
782,22,45,0
782,23,45,0
782,24,45,0
782,25,45,0
782,26,45,0
782,27,45,0
782,28,45,0
782,29,45,0
782,30,45,0
782,31,45,0
782,32,45,0
782,33,45,1
782,34,45,0
782,35,45,0
782,36,45,0
782,37,45,0
782,38,45,0
782,39,45,0
782,40,45,0
782,41,45,0
782,42,45,0
782,43,45,0
782,44,45,0
782,45,45,0
782,46,45,0
782,47,45,0
782,48,45,0
782,49,45,0
782,50,45,1
782,51,45,0
782,52,45,0
782,53,45,0
782,54,45,1
782,55,45,0
782,56,45,0
782,57,45,0
782,58,45,0
782,59,45,0
782,60,45,0
782,61,45,0
782,62,45,0
782,63,45,0
782,64,45,0
782,65,45,0
782,66,45,0
782,67,45,0
782,68,45,0
782,69,45,0
782,70,45,0
782,71,45,0
782,72,45,0
782,73,45,0
782,74,45,0
782,75,45,0
782,76,45,0
782,77,45,0
782,78,45,0
782,79,45,0
782,80,45,0
782,81,45,0
782,82,45,0
782,83,45,0
782,84,45,0
782,85,45,0
782,86,45,0
782,87,45,0
782,88,45,0
782,89,45,0
782,90,45,0
782,91,45,0
782,92,45,1
782,93,45,0
782,94,45,0
782,95,45,0
782,96,45,0
782,97,45,0
782,98,45,0
782,99,45,0
782,100,45,0
782,101,45,0
782,102,45,0
782,103,45,0
782,104,45,0
782,105,45,0
782,106,45,0
782,107,45,0
782,108,45,0
782,109,45,1
782,110,45,0
782,111,45,1
782,0,46,0
782,1,46,0
782,2,46,0
782,3,46,0
782,4,46,0
782,5,46,0
782,6,46,0
782,7,46,0
782,8,46,0
782,9,46,0
782,10,46,0
782,11,46,1
782,12,46,0
782,13,46,0
782,14,46,0
782,15,46,0
782,16,46,0
782,17,46,1
782,18,46,0
782,19,46,0
782,20,46,0
782,21,46,0
782,22,46,0
782,23,46,0
782,24,46,0
782,25,46,0
782,26,46,0
782,27,46,0
782,28,46,0
782,29,46,0
782,30,46,0
782,31,46,0
782,32,46,0
782,33,46,0
782,34,46,0
782,35,46,0
782,36,46,0
782,37,46,0
782,38,46,0
782,39,46,0
782,40,46,0
782,41,46,0
782,42,46,0
782,43,46,0
782,44,46,0
782,45,46,0
782,46,46,0
782,47,46,0
782,48,46,0
782,49,46,0
782,50,46,0
782,51,46,0
782,52,46,0
782,53,46,0
782,54,46,0
782,55,46,0
782,56,46,0
782,57,46,0
782,58,46,0
782,59,46,0
782,60,46,1
782,61,46,0
782,62,46,0
782,63,46,0
782,64,46,0
782,65,46,0
782,66,46,0
782,67,46,0
782,68,46,0
782,69,46,0
782,70,46,0
782,71,46,0
782,72,46,0
782,73,46,0
782,74,46,0
782,75,46,0
782,76,46,0
782,77,46,0
782,78,46,0
782,79,46,0
782,80,46,0
782,81,46,0
782,82,46,0
782,83,46,0
782,84,46,0
782,85,46,0
782,86,46,0
782,87,46,0
782,88,46,0
782,89,46,0
782,90,46,0
782,91,46,0
782,92,46,0
782,93,46,0
782,94,46,0
782,95,46,0
782,96,46,0
782,97,46,0
782,98,46,0
782,99,46,0
782,100,46,0
782,101,46,0
782,102,46,0
782,103,46,0
782,104,46,1
782,105,46,0
782,106,46,0
782,107,46,0
782,108,46,0
782,109,46,0
782,110,46,0
782,111,46,0
782,0,47,0
782,1,47,0
782,2,47,0
782,3,47,0
782,4,47,0
782,5,47,0
782,6,47,0
782,7,47,0
782,8,47,0
782,9,47,0
782,10,47,0
782,11,47,0
782,12,47,0
782,13,47,0
782,14,47,0
782,15,47,0
782,16,47,0
782,17,47,0
782,18,47,0
782,19,47,0
782,20,47,0
782,21,47,0
782,22,47,0
782,23,47,0
782,24,47,0
782,25,47,0
782,26,47,0
782,27,47,0
782,28,47,0
782,29,47,0
782,30,47,0
782,31,47,0
782,32,47,0
782,33,47,0
782,34,47,0
782,35,47,0
782,36,47,0
782,37,47,0
782,38,47,0
782,39,47,0
782,40,47,0
782,41,47,0
782,42,47,0
782,43,47,0
782,44,47,0
782,45,47,0
782,46,47,0
782,47,47,0
782,48,47,0
782,49,47,0
782,50,47,1
782,51,47,0
782,52,47,0
782,53,47,0
782,54,47,0
782,55,47,0
782,56,47,0
782,57,47,0
782,58,47,1
782,59,47,0
782,60,47,0
782,61,47,0
782,62,47,0
782,63,47,0
782,64,47,0
782,65,47,0
782,66,47,0
782,67,47,0
782,68,47,0
782,69,47,0
782,70,47,0
782,71,47,0
782,72,47,0
782,73,47,0
782,74,47,0
782,75,47,0
782,76,47,0
782,77,47,0
782,78,47,0
782,79,47,0
782,80,47,0
782,81,47,0
782,82,47,0
782,83,47,0
782,84,47,0
782,85,47,0
782,86,47,0
782,87,47,0
782,88,47,0
782,89,47,0
782,90,47,0
782,91,47,0
782,92,47,0
782,93,47,0
782,94,47,0
782,95,47,0
782,96,47,0
782,97,47,0
782,98,47,0
782,99,47,0
782,100,47,0
782,101,47,0
782,102,47,0
782,103,47,1
782,104,47,0
782,105,47,0
782,106,47,0
782,107,47,0
782,108,47,0
782,109,47,0
782,110,47,0
782,111,47,0
782,0,48,0
782,1,48,0
782,2,48,0
782,3,48,0
782,4,48,0
782,5,48,0
782,6,48,0
782,7,48,0
782,8,48,0
782,9,48,0
782,10,48,0
782,11,48,0
782,12,48,0
782,13,48,0
782,14,48,0
782,15,48,0
782,16,48,0
782,17,48,0
782,18,48,0
782,19,48,0
782,20,48,0
782,21,48,0
782,22,48,0
782,23,48,0
782,24,48,0
782,25,48,0
782,26,48,0
782,27,48,0
782,28,48,0
782,29,48,0
782,30,48,0
782,31,48,0
782,32,48,0
782,33,48,0
782,34,48,0
782,35,48,0
782,36,48,0
782,37,48,0
782,38,48,0
782,39,48,0
782,40,48,0
782,41,48,0
782,42,48,0
782,43,48,0
782,44,48,0
782,45,48,0
782,46,48,0
782,47,48,0
782,48,48,0
782,49,48,0
782,50,48,0
782,51,48,1
782,52,48,0
782,53,48,0
782,54,48,0
782,55,48,0
782,56,48,1
782,57,48,0
782,58,48,0
782,59,48,0
782,60,48,0
782,61,48,0
782,62,48,0
782,63,48,0
782,64,48,0
782,65,48,0
782,66,48,0
782,67,48,1
782,68,48,0
782,69,48,0
782,70,48,0
782,71,48,1
782,72,48,0
782,73,48,0
782,74,48,0
782,75,48,0
782,76,48,1
782,77,48,0
782,78,48,0
782,79,48,0
782,80,48,0
782,81,48,0
782,82,48,0
782,83,48,0
782,84,48,0
782,85,48,0
782,86,48,0
782,87,48,0
782,88,48,0
782,89,48,0
782,90,48,0
782,91,48,0
782,92,48,0
782,93,48,0
782,94,48,0
782,95,48,0
782,96,48,0
782,97,48,0
782,98,48,0
782,99,48,0
782,100,48,0
782,101,48,0
782,102,48,0
782,103,48,0
782,104,48,0
782,105,48,0
782,106,48,0
782,107,48,0
782,108,48,0
782,109,48,0
782,110,48,0
782,111,48,0
782,0,49,0
782,1,49,0
782,2,49,0
782,3,49,0
782,4,49,0
782,5,49,0
782,6,49,0
782,7,49,0
782,8,49,0
782,9,49,0
782,10,49,0
782,11,49,0
782,12,49,0
782,13,49,0
782,14,49,0
782,15,49,0
782,16,49,0
782,17,49,0
782,18,49,0
782,19,49,0
782,20,49,0
782,21,49,0
782,22,49,0
782,23,49,0
782,24,49,0
782,25,49,0
782,26,49,0
782,27,49,0
782,28,49,0
782,29,49,0
782,30,49,0
782,31,49,0
782,32,49,0
782,33,49,0
782,34,49,0
782,35,49,0
782,36,49,1
782,37,49,0
782,38,49,0
782,39,49,0
782,40,49,0
782,41,49,0
782,42,49,0
782,43,49,0
782,44,49,0
782,45,49,0
782,46,49,0
782,47,49,0
782,48,49,0
782,49,49,0
782,50,49,0
782,51,49,0
782,52,49,0
782,53,49,0
782,54,49,0
782,55,49,0
782,56,49,1
782,57,49,0
782,58,49,0
782,59,49,0
782,60,49,0
782,61,49,0
782,62,49,0
782,63,49,0
782,64,49,0
782,65,49,0
782,66,49,0
782,67,49,0
782,68,49,0
782,69,49,0
782,70,49,0
782,71,49,0
782,72,49,0
782,73,49,0
782,74,49,1
782,75,49,0
782,76,49,0
782,77,49,0
782,78,49,0
782,79,49,0
782,80,49,0
782,81,49,0
782,82,49,0
782,83,49,0
782,84,49,0
782,85,49,0
782,86,49,0
782,87,49,0
782,88,49,0
782,89,49,0
782,90,49,0
782,91,49,0
782,92,49,0
782,93,49,0
782,94,49,0
782,95,49,0
782,96,49,0
782,97,49,0
782,98,49,0
782,99,49,1
782,100,49,0
782,101,49,0
782,102,49,0
782,103,49,0
782,104,49,0
782,105,49,0
782,106,49,0
782,107,49,0
782,108,49,0
782,109,49,0
782,110,49,0
782,111,49,0
782,0,50,0
782,1,50,1
782,2,50,0
782,3,50,0
782,4,50,0
782,5,50,0
782,6,50,0
782,7,50,0
782,8,50,0
782,9,50,0
782,10,50,0
782,11,50,0
782,12,50,0
782,13,50,0
782,14,50,0
782,15,50,0
782,16,50,0
782,17,50,0
782,18,50,0
782,19,50,0
782,20,50,0
782,21,50,0
782,22,50,0
782,23,50,0
782,24,50,0
782,25,50,0
782,26,50,1
782,27,50,0
782,28,50,0
782,29,50,0
782,30,50,0
782,31,50,0
782,32,50,0
782,33,50,0
782,34,50,0
782,35,50,0
782,36,50,0
782,37,50,0
782,38,50,0
782,39,50,0
782,40,50,0
782,41,50,0
782,42,50,0
782,43,50,0
782,44,50,0
782,45,50,0
782,46,50,0
782,47,50,0
782,48,50,0
782,49,50,0
782,50,50,0
782,51,50,0
782,52,50,0
782,53,50,0
782,54,50,0
782,55,50,0
782,56,50,0
782,57,50,0
782,58,50,0
782,59,50,0
782,60,50,0
782,61,50,0
782,62,50,0
782,63,50,0
782,64,50,0
782,65,50,0
782,66,50,0
782,67,50,0
782,68,50,0
782,69,50,0
782,70,50,0
782,71,50,0
782,72,50,0
782,73,50,0
782,74,50,0
782,75,50,0
782,76,50,0
782,77,50,0
782,78,50,0
782,79,50,0
782,80,50,0
782,81,50,0
782,82,50,0
782,83,50,0
782,84,50,0
782,85,50,0
782,86,50,0
782,87,50,0
782,88,50,0
782,89,50,0
782,90,50,0
782,91,50,0
782,92,50,0
782,93,50,0
782,94,50,0
782,95,50,0
782,96,50,0
782,97,50,0
782,98,50,0
782,99,50,0
782,100,50,0
782,101,50,0
782,102,50,0
782,103,50,0
782,104,50,0
782,105,50,0
782,106,50,0
782,107,50,0
782,108,50,0
782,109,50,0
782,110,50,0
782,111,50,0
782,0,51,0
782,1,51,0
782,2,51,0
782,3,51,0
782,4,51,0
782,5,51,0
782,6,51,0
782,7,51,0
782,8,51,0
782,9,51,0
782,10,51,1
782,11,51,0
782,12,51,0
782,13,51,0
782,14,51,0
782,15,51,0
782,16,51,0
782,17,51,0
782,18,51,0
782,19,51,0
782,20,51,0
782,21,51,0
782,22,51,0
782,23,51,0
782,24,51,0
782,25,51,0
782,26,51,0
782,27,51,0
782,28,51,0
782,29,51,0
782,30,51,0
782,31,51,0
782,32,51,0
782,33,51,0
782,34,51,0
782,35,51,0
782,36,51,0
782,37,51,0
782,38,51,0
782,39,51,0
782,40,51,0
782,41,51,0
782,42,51,0
782,43,51,0
782,44,51,0
782,45,51,1
782,46,51,1
782,47,51,0
782,48,51,0
782,49,51,0
782,50,51,0
782,51,51,0
782,52,51,0
782,53,51,0
782,54,51,0
782,55,51,0
782,56,51,0
782,57,51,0
782,58,51,0
782,59,51,0
782,60,51,0
782,61,51,0
782,62,51,0
782,63,51,1
782,64,51,0
782,65,51,0
782,66,51,0
782,67,51,1
782,68,51,0
782,69,51,0
782,70,51,0
782,71,51,0
782,72,51,0
782,73,51,0
782,74,51,0
782,75,51,0
782,76,51,0
782,77,51,0
782,78,51,0
782,79,51,0
782,80,51,0
782,81,51,0
782,82,51,1
782,83,51,1
782,84,51,0
782,85,51,0
782,86,51,0
782,87,51,0
782,88,51,0
782,89,51,0
782,90,51,0
782,91,51,0
782,92,51,0
782,93,51,1
782,94,51,0
782,95,51,1
782,96,51,0
782,97,51,0
782,98,51,0
782,99,51,0
782,100,51,0
782,101,51,0
782,102,51,0
782,103,51,0
782,104,51,0
782,105,51,0
782,106,51,0
782,107,51,1
782,108,51,0
782,109,51,1
782,110,51,0
782,111,51,0
782,0,52,0
782,1,52,0
782,2,52,0
782,3,52,0
782,4,52,0
782,5,52,0
782,6,52,0
782,7,52,0
782,8,52,1
782,9,52,0
782,10,52,0
782,11,52,0
782,12,52,0
782,13,52,0
782,14,52,0
782,15,52,0
782,16,52,0
782,17,52,0
782,18,52,0
782,19,52,0
782,20,52,0
782,21,52,1
782,22,52,0
782,23,52,0
782,24,52,0
782,25,52,0
782,26,52,0
782,27,52,0
782,28,52,0
782,29,52,0
782,30,52,0
782,31,52,0
782,32,52,0
782,33,52,0
782,34,52,0
782,35,52,0
782,36,52,0
782,37,52,0
782,38,52,0
782,39,52,0
782,40,52,0
782,41,52,0
782,42,52,0
782,43,52,0
782,44,52,0
782,45,52,0
782,46,52,0
782,47,52,0
782,48,52,0
782,49,52,0
782,50,52,0
782,51,52,0
782,52,52,0
782,53,52,0
782,54,52,0
782,55,52,0
782,56,52,0
782,57,52,0
782,58,52,0
782,59,52,0
782,60,52,0
782,61,52,0
782,62,52,0
782,63,52,0
782,64,52,0
782,65,52,0
782,66,52,0
782,67,52,0
782,68,52,0
782,69,52,0
782,70,52,0
782,71,52,1
782,72,52,0
782,73,52,0
782,74,52,0
782,75,52,0
782,76,52,0
782,77,52,0
782,78,52,0
782,79,52,0
782,80,52,1
782,81,52,0
782,82,52,0
782,83,52,0
782,84,52,0
782,85,52,0
782,86,52,0
782,87,52,0
782,88,52,0
782,89,52,0
782,90,52,0
782,91,52,0
782,92,52,0
782,93,52,0
782,94,52,0
782,95,52,0
782,96,52,0
782,97,52,0
782,98,52,0
782,99,52,0
782,100,52,0
782,101,52,0
782,102,52,0
782,103,52,0
782,104,52,0
782,105,52,0
782,106,52,0
782,107,52,0
782,108,52,0
782,109,52,1
782,110,52,0
782,111,52,0
782,0,53,0
782,1,53,0
782,2,53,0
782,3,53,1
782,4,53,0
782,5,53,0
782,6,53,0
782,7,53,0
782,8,53,0
782,9,53,0
782,10,53,0
782,11,53,0
782,12,53,0
782,13,53,0
782,14,53,1
782,15,53,0
782,16,53,1
782,17,53,0
782,18,53,0
782,19,53,0
782,20,53,0
782,21,53,0
782,22,53,1
782,23,53,0
782,24,53,0
782,25,53,0
782,26,53,0
782,27,53,0
782,28,53,0
782,29,53,0
782,30,53,0
782,31,53,0
782,32,53,0
782,33,53,0
782,34,53,0
782,35,53,0
782,36,53,0
782,37,53,1
782,38,53,0
782,39,53,0
782,40,53,0
782,41,53,0
782,42,53,0
782,43,53,0
782,44,53,0
782,45,53,0
782,46,53,0
782,47,53,0
782,48,53,0
782,49,53,0
782,50,53,0
782,51,53,0
782,52,53,0
782,53,53,0
782,54,53,0
782,55,53,0
782,56,53,0
782,57,53,0
782,58,53,0
782,59,53,0
782,60,53,0
782,61,53,0
782,62,53,0
782,63,53,0
782,64,53,0
782,65,53,0
782,66,53,0
782,67,53,0
782,68,53,0
782,69,53,0
782,70,53,0
782,71,53,0
782,72,53,0
782,73,53,0
782,74,53,0
782,75,53,0
782,76,53,0
782,77,53,0
782,78,53,0
782,79,53,0
782,80,53,0
782,81,53,0
782,82,53,0
782,83,53,0
782,84,53,0
782,85,53,0
782,86,53,0
782,87,53,0
782,88,53,0
782,89,53,0
782,90,53,0
782,91,53,0
782,92,53,0
782,93,53,0
782,94,53,1
782,95,53,0
782,96,53,0
782,97,53,0
782,98,53,0
782,99,53,0
782,100,53,0
782,101,53,0
782,102,53,0
782,103,53,0
782,104,53,0
782,105,53,0
782,106,53,0
782,107,53,0
782,108,53,0
782,109,53,0
782,110,53,0
782,111,53,0
782,0,54,0
782,1,54,0
782,2,54,0
782,3,54,0
782,4,54,0
782,5,54,0
782,6,54,0
782,7,54,0
782,8,54,0
782,9,54,0
782,10,54,0
782,11,54,0
782,12,54,0
782,13,54,0
782,14,54,0
782,15,54,0
782,16,54,0
782,17,54,0
782,18,54,0
782,19,54,0
782,20,54,0
782,21,54,0
782,22,54,0
782,23,54,0
782,24,54,0
782,25,54,0
782,26,54,0
782,27,54,0
782,28,54,0
782,29,54,0
782,30,54,0
782,31,54,0
782,32,54,0
782,33,54,0
782,34,54,0
782,35,54,0
782,36,54,0
782,37,54,0
782,38,54,0
782,39,54,0
782,40,54,0
782,41,54,0
782,42,54,0
782,43,54,0
782,44,54,0
782,45,54,0
782,46,54,1
782,47,54,0
782,48,54,0
782,49,54,0
782,50,54,0
782,51,54,0
782,52,54,0
782,53,54,0
782,54,54,0
782,55,54,0
782,56,54,0
782,57,54,0
782,58,54,0
782,59,54,0
782,60,54,0
782,61,54,0
782,62,54,0
782,63,54,0
782,64,54,0
782,65,54,0
782,66,54,0
782,67,54,0
782,68,54,0
782,69,54,0
782,70,54,0
782,71,54,0
782,72,54,0
782,73,54,0
782,74,54,0
782,75,54,0
782,76,54,1
782,77,54,0
782,78,54,0
782,79,54,0
782,80,54,0
782,81,54,0
782,82,54,0
782,83,54,0
782,84,54,0
782,85,54,0
782,86,54,0
782,87,54,1
782,88,54,0
782,89,54,0
782,90,54,0
782,91,54,0
782,92,54,0
782,93,54,0
782,94,54,0
782,95,54,0
782,96,54,0
782,97,54,0
782,98,54,0
782,99,54,1
782,100,54,0
782,101,54,0
782,102,54,0
782,103,54,0
782,104,54,1
782,105,54,0
782,106,54,0
782,107,54,0
782,108,54,0
782,109,54,0
782,110,54,0
782,111,54,0
782,0,55,0
782,1,55,0
782,2,55,0
782,3,55,0
782,4,55,0
782,5,55,0
782,6,55,0
782,7,55,0
782,8,55,0
782,9,55,0
782,10,55,0
782,11,55,0
782,12,55,1
782,13,55,0
782,14,55,0
782,15,55,0
782,16,55,0
782,17,55,0
782,18,55,0
782,19,55,0
782,20,55,0
782,21,55,0
782,22,55,0
782,23,55,0
782,24,55,0
782,25,55,0
782,26,55,0
782,27,55,0
782,28,55,0
782,29,55,0
782,30,55,0
782,31,55,0
782,32,55,0
782,33,55,0
782,34,55,0
782,35,55,0
782,36,55,0
782,37,55,0
782,38,55,0
782,39,55,0
782,40,55,0
782,41,55,0
782,42,55,0
782,43,55,0
782,44,55,0
782,45,55,0
782,46,55,0
782,47,55,0
782,48,55,0
782,49,55,0
782,50,55,0
782,51,55,0
782,52,55,0
782,53,55,0
782,54,55,0
782,55,55,0
782,56,55,0
782,57,55,0
782,58,55,0
782,59,55,0
782,60,55,0
782,61,55,0
782,62,55,0
782,63,55,0
782,64,55,0
782,65,55,0
782,66,55,0
782,67,55,0
782,68,55,0
782,69,55,0
782,70,55,0
782,71,55,0
782,72,55,0
782,73,55,0
782,74,55,0
782,75,55,1
782,76,55,0
782,77,55,0
782,78,55,0
782,79,55,0
782,80,55,0
782,81,55,0
782,82,55,0
782,83,55,0
782,84,55,0
782,85,55,0
782,86,55,1
782,87,55,0
782,88,55,0
782,89,55,0
782,90,55,0
782,91,55,0
782,92,55,0
782,93,55,0
782,94,55,0
782,95,55,0
782,96,55,0
782,97,55,1
782,98,55,0
782,99,55,0
782,100,55,0
782,101,55,0
782,102,55,0
782,103,55,0
782,104,55,0
782,105,55,0
782,106,55,0
782,107,55,0
782,108,55,0
782,109,55,0
782,110,55,0
782,111,55,0
782,0,56,0
782,1,56,0
782,2,56,0
782,3,56,0
782,4,56,0
782,5,56,0
782,6,56,0
782,7,56,0
782,8,56,0
782,9,56,0
782,10,56,0
782,11,56,0
782,12,56,0
782,13,56,0
782,14,56,0
782,15,56,0
782,16,56,0
782,17,56,0
782,18,56,0
782,19,56,0
782,20,56,0
782,21,56,0
782,22,56,0
782,23,56,0
782,24,56,0
782,25,56,0
782,26,56,0
782,27,56,0
782,28,56,0
782,29,56,0
782,30,56,0
782,31,56,0
782,32,56,0
782,33,56,0
782,34,56,0
782,35,56,0
782,36,56,0
782,37,56,0
782,38,56,0
782,39,56,0
782,40,56,0
782,41,56,0
782,42,56,0
782,43,56,0
782,44,56,0
782,45,56,0
782,46,56,0
782,47,56,0
782,48,56,0
782,49,56,0
782,50,56,0
782,51,56,1
782,52,56,0
782,53,56,0
782,54,56,0
782,55,56,0
782,56,56,0
782,57,56,0
782,58,56,0
782,59,56,0
782,60,56,1
782,61,56,0
782,62,56,0
782,63,56,0
782,64,56,0
782,65,56,0
782,66,56,0
782,67,56,0
782,68,56,0
782,69,56,0
782,70,56,0
782,71,56,0
782,72,56,0
782,73,56,0
782,74,56,0
782,75,56,0
782,76,56,0
782,77,56,0
782,78,56,0
782,79,56,0
782,80,56,0
782,81,56,0
782,82,56,0
782,83,56,0
782,84,56,0
782,85,56,0
782,86,56,0
782,87,56,0
782,88,56,1
782,89,56,0
782,90,56,0
782,91,56,0
782,92,56,0
782,93,56,0
782,94,56,0
782,95,56,0
782,96,56,0
782,97,56,0
782,98,56,0
782,99,56,0
782,100,56,0
782,101,56,0
782,102,56,0
782,103,56,0
782,104,56,0
782,105,56,0
782,106,56,0
782,107,56,0
782,108,56,0
782,109,56,0
782,110,56,0
782,111,56,0
782,0,57,0
782,1,57,0
782,2,57,0
782,3,57,0
782,4,57,0
782,5,57,0
782,6,57,1
782,7,57,0
782,8,57,0
782,9,57,0
782,10,57,0
782,11,57,0
782,12,57,0
782,13,57,0
782,14,57,0
782,15,57,0
782,16,57,0
782,17,57,0
782,18,57,0
782,19,57,0
782,20,57,0
782,21,57,0
782,22,57,0
782,23,57,0
782,24,57,0
782,25,57,0
782,26,57,0
782,27,57,0
782,28,57,0
782,29,57,0
782,30,57,0
782,31,57,0
782,32,57,0
782,33,57,0
782,34,57,0
782,35,57,0
782,36,57,0
782,37,57,0
782,38,57,0
782,39,57,0
782,40,57,0
782,41,57,1
782,42,57,1
782,43,57,0
782,44,57,1
782,45,57,0
782,46,57,0
782,47,57,0
782,48,57,0
782,49,57,0
782,50,57,0
782,51,57,0
782,52,57,0
782,53,57,0
782,54,57,1
782,55,57,0
782,56,57,0
782,57,57,0
782,58,57,1
782,59,57,0
782,60,57,0
782,61,57,0
782,62,57,0
782,63,57,0
782,64,57,0
782,65,57,1
782,66,57,0
782,67,57,0
782,68,57,0
782,69,57,0
782,70,57,0
782,71,57,0
782,72,57,0
782,73,57,0
782,74,57,0
782,75,57,0
782,76,57,0
782,77,57,1
782,78,57,0
782,79,57,0
782,80,57,0
782,81,57,0
782,82,57,0
782,83,57,0
782,84,57,0
782,85,57,0
782,86,57,0
782,87,57,0
782,88,57,0
782,89,57,0
782,90,57,0
782,91,57,0
782,92,57,0
782,93,57,0
782,94,57,0
782,95,57,0
782,96,57,0
782,97,57,0
782,98,57,0
782,99,57,0
782,100,57,0
782,101,57,0
782,102,57,0
782,103,57,0
782,104,57,0
782,105,57,0
782,106,57,0
782,107,57,0
782,108,57,0
782,109,57,0
782,110,57,0
782,111,57,0
782,0,58,0
782,1,58,0
782,2,58,1
782,3,58,0
782,4,58,0
782,5,58,0
782,6,58,0
782,7,58,0
782,8,58,0
782,9,58,0
782,10,58,0
782,11,58,0
782,12,58,0
782,13,58,0
782,14,58,0
782,15,58,0
782,16,58,0
782,17,58,0
782,18,58,0
782,19,58,0
782,20,58,0
782,21,58,0
782,22,58,0
782,23,58,0
782,24,58,0
782,25,58,0
782,26,58,0
782,27,58,0
782,28,58,0
782,29,58,0
782,30,58,0
782,31,58,0
782,32,58,0
782,33,58,0
782,34,58,0
782,35,58,0
782,36,58,0
782,37,58,0
782,38,58,0
782,39,58,0
782,40,58,0
782,41,58,0
782,42,58,0
782,43,58,0
782,44,58,0
782,45,58,0
782,46,58,0
782,47,58,0
782,48,58,0
782,49,58,1
782,50,58,0
782,51,58,0
782,52,58,1
782,53,58,0
782,54,58,0
782,55,58,0
782,56,58,0
782,57,58,0
782,58,58,0
782,59,58,0
782,60,58,0
782,61,58,0
782,62,58,0
782,63,58,0
782,64,58,0
782,65,58,0
782,66,58,0
782,67,58,0
782,68,58,0
782,69,58,0
782,70,58,0
782,71,58,0
782,72,58,1
782,73,58,0
782,74,58,0
782,75,58,0
782,76,58,0
782,77,58,0
782,78,58,0
782,79,58,0
782,80,58,0
782,81,58,0
782,82,58,0
782,83,58,0
782,84,58,0
782,85,58,0
782,86,58,0
782,87,58,0
782,88,58,0
782,89,58,0
782,90,58,0
782,91,58,0
782,92,58,0
782,93,58,1
782,94,58,0
782,95,58,0
782,96,58,0
782,97,58,0
782,98,58,0
782,99,58,0
782,100,58,0
782,101,58,0
782,102,58,0
782,103,58,0
782,104,58,0
782,105,58,0
782,106,58,0
782,107,58,0
782,108,58,0
782,109,58,0
782,110,58,0
782,111,58,1
782,0,59,0
782,1,59,0
782,2,59,0
782,3,59,0
782,4,59,0
782,5,59,0
782,6,59,0
782,7,59,1
782,8,59,0
782,9,59,0
782,10,59,0
782,11,59,0
782,12,59,0
782,13,59,0
782,14,59,0
782,15,59,0
782,16,59,1
782,17,59,0
782,18,59,0
782,19,59,0
782,20,59,0
782,21,59,0
782,22,59,0
782,23,59,0
782,24,59,0
782,25,59,0
782,26,59,0
782,27,59,0
782,28,59,0
782,29,59,0
782,30,59,0
782,31,59,0
782,32,59,0
782,33,59,0
782,34,59,0
782,35,59,0
782,36,59,0
782,37,59,0
782,38,59,0
782,39,59,0
782,40,59,0
782,41,59,0
782,42,59,0
782,43,59,0
782,44,59,0
782,45,59,0
782,46,59,0
782,47,59,0
782,48,59,0
782,49,59,0
782,50,59,0
782,51,59,0
782,52,59,0
782,53,59,0
782,54,59,0
782,55,59,0
782,56,59,0
782,57,59,0
782,58,59,0
782,59,59,0
782,60,59,0
782,61,59,0
782,62,59,0
782,63,59,0
782,64,59,0
782,65,59,0
782,66,59,0
782,67,59,0
782,68,59,0
782,69,59,0
782,70,59,0
782,71,59,0
782,72,59,0
782,73,59,0
782,74,59,0
782,75,59,0
782,76,59,0
782,77,59,0
782,78,59,0
782,79,59,0
782,80,59,0
782,81,59,0
782,82,59,0
782,83,59,0
782,84,59,0
782,85,59,0
782,86,59,0
782,87,59,0
782,88,59,0
782,89,59,0
782,90,59,0
782,91,59,0
782,92,59,0
782,93,59,0
782,94,59,0
782,95,59,0
782,96,59,0
782,97,59,0
782,98,59,0
782,99,59,0
782,100,59,0
782,101,59,0
782,102,59,0
782,103,59,0
782,104,59,0
782,105,59,0
782,106,59,0
782,107,59,0
782,108,59,0
782,109,59,0
782,110,59,1
782,111,59,0
782,0,60,1
782,1,60,0
782,2,60,0
782,3,60,0
782,4,60,0
782,5,60,0
782,6,60,0
782,7,60,0
782,8,60,0
782,9,60,0
782,10,60,0
782,11,60,0
782,12,60,0
782,13,60,0
782,14,60,0
782,15,60,0
782,16,60,0
782,17,60,0
782,18,60,0
782,19,60,0
782,20,60,0
782,21,60,0
782,22,60,0
782,23,60,0
782,24,60,0
782,25,60,0
782,26,60,0
782,27,60,0
782,28,60,0
782,29,60,0
782,30,60,0
782,31,60,0
782,32,60,0
782,33,60,0
782,34,60,0
782,35,60,0
782,36,60,0
782,37,60,0
782,38,60,0
782,39,60,0
782,40,60,0
782,41,60,0
782,42,60,0
782,43,60,0
782,44,60,0
782,45,60,0
782,46,60,0
782,47,60,0
782,48,60,0
782,49,60,0
782,50,60,0
782,51,60,0
782,52,60,0
782,53,60,1
782,54,60,0
782,55,60,0
782,56,60,0
782,57,60,0
782,58,60,0
782,59,60,0
782,60,60,0
782,61,60,0
782,62,60,0
782,63,60,0
782,64,60,0
782,65,60,0
782,66,60,0
782,67,60,0
782,68,60,0
782,69,60,0
782,70,60,0
782,71,60,0
782,72,60,0
782,73,60,0
782,74,60,0
782,75,60,0
782,76,60,0
782,77,60,0
782,78,60,1
782,79,60,0
782,80,60,0
782,81,60,0
782,82,60,0
782,83,60,0
782,84,60,0
782,85,60,0
782,86,60,0
782,87,60,0
782,88,60,0
782,89,60,0
782,90,60,0
782,91,60,0
782,92,60,0
782,93,60,0
782,94,60,0
782,95,60,0
782,96,60,0
782,97,60,0
782,98,60,0
782,99,60,0
782,100,60,0
782,101,60,0
782,102,60,0
782,103,60,0
782,104,60,0
782,105,60,0
782,106,60,0
782,107,60,0
782,108,60,0
782,109,60,0
782,110,60,0
782,111,60,0
782,0,61,0
782,1,61,0
782,2,61,0
782,3,61,0
782,4,61,0
782,5,61,0
782,6,61,0
782,7,61,0
782,8,61,0
782,9,61,0
782,10,61,0
782,11,61,0
782,12,61,0
782,13,61,0
782,14,61,0
782,15,61,0
782,16,61,0
782,17,61,0
782,18,61,0
782,19,61,0
782,20,61,0
782,21,61,0
782,22,61,0
782,23,61,0
782,24,61,0
782,25,61,0
782,26,61,0
782,27,61,1
782,28,61,0
782,29,61,0
782,30,61,0
782,31,61,0
782,32,61,0
782,33,61,0
782,34,61,0
782,35,61,0
782,36,61,0
782,37,61,0
782,38,61,0
782,39,61,0
782,40,61,0
782,41,61,0
782,42,61,0
782,43,61,0
782,44,61,0
782,45,61,0
782,46,61,0
782,47,61,0
782,48,61,0
782,49,61,0
782,50,61,0
782,51,61,0
782,52,61,0
782,53,61,0
782,54,61,0
782,55,61,0
782,56,61,0
782,57,61,0
782,58,61,0
782,59,61,0
782,60,61,0
782,61,61,0
782,62,61,0
782,63,61,0
782,64,61,0
782,65,61,0
782,66,61,0
782,67,61,0
782,68,61,1
782,69,61,0
782,70,61,0
782,71,61,0
782,72,61,0
782,73,61,0
782,74,61,1
782,75,61,0
782,76,61,0
782,77,61,0
782,78,61,0
782,79,61,0
782,80,61,0
782,81,61,0
782,82,61,0
782,83,61,0
782,84,61,0
782,85,61,0
782,86,61,0
782,87,61,0
782,88,61,0
782,89,61,0
782,90,61,1
782,91,61,0
782,92,61,0
782,93,61,0
782,94,61,0
782,95,61,0
782,96,61,0
782,97,61,0
782,98,61,0
782,99,61,0
782,100,61,0
782,101,61,1
782,102,61,0
782,103,61,0
782,104,61,0
782,105,61,0
782,106,61,0
782,107,61,0
782,108,61,0
782,109,61,0
782,110,61,0
782,111,61,0
782,0,62,0
782,1,62,0
782,2,62,0
782,3,62,0
782,4,62,0
782,5,62,0
782,6,62,0
782,7,62,0
782,8,62,0
782,9,62,0
782,10,62,0
782,11,62,0
782,12,62,0
782,13,62,0
782,14,62,0
782,15,62,0
782,16,62,0
782,17,62,0
782,18,62,0
782,19,62,0
782,20,62,0
782,21,62,0
782,22,62,0
782,23,62,0
782,24,62,0
782,25,62,0
782,26,62,0
782,27,62,0
782,28,62,0
782,29,62,0
782,30,62,0
782,31,62,0
782,32,62,0
782,33,62,0
782,34,62,0
782,35,62,0
782,36,62,0
782,37,62,0
782,38,62,0
782,39,62,0
782,40,62,0
782,41,62,0
782,42,62,0
782,43,62,0
782,44,62,0
782,45,62,0
782,46,62,0
782,47,62,0
782,48,62,0
782,49,62,0
782,50,62,0
782,51,62,1
782,52,62,0
782,53,62,0
782,54,62,0
782,55,62,0
782,56,62,0
782,57,62,0
782,58,62,0
782,59,62,0
782,60,62,0
782,61,62,0
782,62,62,0
782,63,62,0
782,64,62,0
782,65,62,0
782,66,62,0
782,67,62,0
782,68,62,0
782,69,62,0
782,70,62,0
782,71,62,0
782,72,62,0
782,73,62,0
782,74,62,0
782,75,62,0
782,76,62,0
782,77,62,0
782,78,62,0
782,79,62,0
782,80,62,0
782,81,62,0
782,82,62,0
782,83,62,0
782,84,62,0
782,85,62,0
782,86,62,0
782,87,62,0
782,88,62,1
782,89,62,0
782,90,62,0
782,91,62,0
782,92,62,0
782,93,62,0
782,94,62,0
782,95,62,0
782,96,62,0
782,97,62,0
782,98,62,0
782,99,62,0
782,100,62,0
782,101,62,0
782,102,62,0
782,103,62,0
782,104,62,0
782,105,62,0
782,106,62,0
782,107,62,0
782,108,62,0
782,109,62,1
782,110,62,0
782,111,62,0
782,0,63,0
782,1,63,0
782,2,63,0
782,3,63,0
782,4,63,0
782,5,63,0
782,6,63,0
782,7,63,0
782,8,63,0
782,9,63,0
782,10,63,0
782,11,63,0
782,12,63,0
782,13,63,1
782,14,63,0
782,15,63,0
782,16,63,0
782,17,63,0
782,18,63,0
782,19,63,0
782,20,63,0
782,21,63,0
782,22,63,0
782,23,63,0
782,24,63,0
782,25,63,0
782,26,63,0
782,27,63,0
782,28,63,0
782,29,63,0
782,30,63,0
782,31,63,0
782,32,63,0
782,33,63,0
782,34,63,0
782,35,63,0
782,36,63,0
782,37,63,0
782,38,63,0
782,39,63,0
782,40,63,0
782,41,63,0
782,42,63,0
782,43,63,0
782,44,63,0
782,45,63,0
782,46,63,0
782,47,63,0
782,48,63,0
782,49,63,0
782,50,63,0
782,51,63,0
782,52,63,0
782,53,63,0
782,54,63,0
782,55,63,0
782,56,63,0
782,57,63,0
782,58,63,0
782,59,63,0
782,60,63,0
782,61,63,0
782,62,63,0
782,63,63,0
782,64,63,0
782,65,63,0
782,66,63,0
782,67,63,0
782,68,63,0
782,69,63,0
782,70,63,0
782,71,63,0
782,72,63,0
782,73,63,0
782,74,63,0
782,75,63,0
782,76,63,0
782,77,63,0
782,78,63,0
782,79,63,0
782,80,63,0
782,81,63,0
782,82,63,0
782,83,63,1
782,84,63,0
782,85,63,0
782,86,63,0
782,87,63,0
782,88,63,0
782,89,63,0
782,90,63,0
782,91,63,0
782,92,63,0
782,93,63,0
782,94,63,0
782,95,63,0
782,96,63,0
782,97,63,0
782,98,63,0
782,99,63,1
782,100,63,0
782,101,63,0
782,102,63,0
782,103,63,0
782,104,63,0
782,105,63,1
782,106,63,0
782,107,63,0
782,108,63,0
782,109,63,0
782,110,63,0
782,111,63,0
782,0,64,0
782,1,64,0
782,2,64,0
782,3,64,0
782,4,64,0
782,5,64,0
782,6,64,0
782,7,64,0
782,8,64,0
782,9,64,0
782,10,64,0
782,11,64,0
782,12,64,0
782,13,64,0
782,14,64,0
782,15,64,0
782,16,64,0
782,17,64,0
782,18,64,0
782,19,64,0
782,20,64,0
782,21,64,0
782,22,64,0
782,23,64,0
782,24,64,0
782,25,64,0
782,26,64,0
782,27,64,0
782,28,64,0
782,29,64,0
782,30,64,0
782,31,64,0
782,32,64,0
782,33,64,0
782,34,64,0
782,35,64,0
782,36,64,0
782,37,64,0
782,38,64,0
782,39,64,0
782,40,64,0
782,41,64,0
782,42,64,0
782,43,64,0
782,44,64,0
782,45,64,0
782,46,64,0
782,47,64,0
782,48,64,0
782,49,64,0
782,50,64,0
782,51,64,0
782,52,64,0
782,53,64,0
782,54,64,0
782,55,64,0
782,56,64,0
782,57,64,0
782,58,64,0
782,59,64,0
782,60,64,0
782,61,64,0
782,62,64,0
782,63,64,0
782,64,64,0
782,65,64,0
782,66,64,0
782,67,64,0
782,68,64,0
782,69,64,0
782,70,64,0
782,71,64,0
782,72,64,0
782,73,64,0
782,74,64,0
782,75,64,0
782,76,64,0
782,77,64,0
782,78,64,0
782,79,64,0
782,80,64,0
782,81,64,0
782,82,64,0
782,83,64,0
782,84,64,0
782,85,64,0
782,86,64,0
782,87,64,0
782,88,64,0
782,89,64,0
782,90,64,0
782,91,64,0
782,92,64,0
782,93,64,0
782,94,64,0
782,95,64,0
782,96,64,0
782,97,64,0
782,98,64,0
782,99,64,0
782,100,64,1
782,101,64,0
782,102,64,0
782,103,64,0
782,104,64,0
782,105,64,0
782,106,64,0
782,107,64,0
782,108,64,0
782,109,64,0
782,110,64,0
782,111,64,0
782,0,65,0
782,1,65,0
782,2,65,0
782,3,65,0
782,4,65,0
782,5,65,0
782,6,65,0
782,7,65,0
782,8,65,0
782,9,65,0
782,10,65,0
782,11,65,0
782,12,65,0
782,13,65,0
782,14,65,0
782,15,65,0
782,16,65,0
782,17,65,0
782,18,65,0
782,19,65,0
782,20,65,0
782,21,65,0
782,22,65,0
782,23,65,0
782,24,65,0
782,25,65,0
782,26,65,0
782,27,65,0
782,28,65,0
782,29,65,0
782,30,65,0
782,31,65,1
782,32,65,0
782,33,65,0
782,34,65,0
782,35,65,0
782,36,65,0
782,37,65,0
782,38,65,0
782,39,65,0
782,40,65,0
782,41,65,0
782,42,65,0
782,43,65,0
782,44,65,0
782,45,65,0
782,46,65,0
782,47,65,0
782,48,65,0
782,49,65,0
782,50,65,0
782,51,65,0
782,52,65,1
782,53,65,0
782,54,65,0
782,55,65,0
782,56,65,0
782,57,65,0
782,58,65,0
782,59,65,0
782,60,65,1
782,61,65,0
782,62,65,0
782,63,65,0
782,64,65,0
782,65,65,0
782,66,65,0
782,67,65,0
782,68,65,0
782,69,65,0
782,70,65,0
782,71,65,0
782,72,65,0
782,73,65,0
782,74,65,0
782,75,65,0
782,76,65,0
782,77,65,0
782,78,65,0
782,79,65,0
782,80,65,0
782,81,65,0
782,82,65,1
782,83,65,0
782,84,65,0
782,85,65,0
782,86,65,1
782,87,65,0
782,88,65,0
782,89,65,0
782,90,65,0
782,91,65,0
782,92,65,0
782,93,65,0
782,94,65,0
782,95,65,0
782,96,65,0
782,97,65,0
782,98,65,0
782,99,65,0
782,100,65,0
782,101,65,0
782,102,65,0
782,103,65,0
782,104,65,0
782,105,65,0
782,106,65,0
782,107,65,0
782,108,65,0
782,109,65,0
782,110,65,0
782,111,65,0
782,0,66,0
782,1,66,0
782,2,66,0
782,3,66,0
782,4,66,0
782,5,66,0
782,6,66,0
782,7,66,0
782,8,66,0
782,9,66,0
782,10,66,0
782,11,66,0
782,12,66,0
782,13,66,0
782,14,66,0
782,15,66,0
782,16,66,0
782,17,66,0
782,18,66,0
782,19,66,0
782,20,66,0
782,21,66,0
782,22,66,0
782,23,66,0
782,24,66,0
782,25,66,0
782,26,66,0
782,27,66,0
782,28,66,0
782,29,66,0
782,30,66,0
782,31,66,0
782,32,66,0
782,33,66,0
782,34,66,0
782,35,66,0
782,36,66,0
782,37,66,0
782,38,66,0
782,39,66,0
782,40,66,0
782,41,66,0
782,42,66,0
782,43,66,0
782,44,66,0
782,45,66,0
782,46,66,0
782,47,66,0
782,48,66,0
782,49,66,0
782,50,66,0
782,51,66,0
782,52,66,0
782,53,66,0
782,54,66,0
782,55,66,0
782,56,66,0
782,57,66,0
782,58,66,0
782,59,66,0
782,60,66,0
782,61,66,0
782,62,66,0
782,63,66,0
782,64,66,0
782,65,66,0
782,66,66,0
782,67,66,0
782,68,66,0
782,69,66,0
782,70,66,0
782,71,66,0
782,72,66,0
782,73,66,0
782,74,66,0
782,75,66,0
782,76,66,0
782,77,66,0
782,78,66,0
782,79,66,0
782,80,66,0
782,81,66,0
782,82,66,0
782,83,66,0
782,84,66,0
782,85,66,0
782,86,66,1
782,87,66,0
782,88,66,0
782,89,66,0
782,90,66,0
782,91,66,0
782,92,66,1
782,93,66,0
782,94,66,0
782,95,66,0
782,96,66,0
782,97,66,0
782,98,66,0
782,99,66,0
782,100,66,0
782,101,66,0
782,102,66,0
782,103,66,0
782,104,66,0
782,105,66,0
782,106,66,0
782,107,66,0
782,108,66,0
782,109,66,0
782,110,66,0
782,111,66,0
782,0,67,0
782,1,67,0
782,2,67,0
782,3,67,0
782,4,67,0
782,5,67,0
782,6,67,0
782,7,67,0
782,8,67,0
782,9,67,0
782,10,67,0
782,11,67,0
782,12,67,0
782,13,67,0
782,14,67,0
782,15,67,0
782,16,67,0
782,17,67,0
782,18,67,0
782,19,67,0
782,20,67,0
782,21,67,0
782,22,67,0
782,23,67,0
782,24,67,0
782,25,67,0
782,26,67,0
782,27,67,0
782,28,67,0
782,29,67,1
782,30,67,0
782,31,67,0
782,32,67,0
782,33,67,0
782,34,67,0
782,35,67,0
782,36,67,0
782,37,67,0
782,38,67,0
782,39,67,0
782,40,67,0
782,41,67,0
782,42,67,0
782,43,67,0
782,44,67,0
782,45,67,0
782,46,67,0
782,47,67,0
782,48,67,0
782,49,67,1
782,50,67,0
782,51,67,0
782,52,67,0
782,53,67,1
782,54,67,1
782,55,67,0
782,56,67,0
782,57,67,0
782,58,67,0
782,59,67,0
782,60,67,0
782,61,67,0
782,62,67,0
782,63,67,0
782,64,67,0
782,65,67,0
782,66,67,0
782,67,67,0
782,68,67,0
782,69,67,0
782,70,67,0
782,71,67,0
782,72,67,0
782,73,67,0
782,74,67,0
782,75,67,0
782,76,67,0
782,77,67,0
782,78,67,0
782,79,67,0
782,80,67,0
782,81,67,0
782,82,67,0
782,83,67,0
782,84,67,0
782,85,67,0
782,86,67,0
782,87,67,0
782,88,67,0
782,89,67,0
782,90,67,0
782,91,67,0
782,92,67,0
782,93,67,0
782,94,67,0
782,95,67,0
782,96,67,0
782,97,67,0
782,98,67,0
782,99,67,0
782,100,67,0
782,101,67,0
782,102,67,0
782,103,67,0
782,104,67,0
782,105,67,0
782,106,67,0
782,107,67,0
782,108,67,0
782,109,67,0
782,110,67,0
782,111,67,0
782,0,68,0
782,1,68,0
782,2,68,0
782,3,68,0
782,4,68,0
782,5,68,0
782,6,68,0
782,7,68,0
782,8,68,0
782,9,68,0
782,10,68,0
782,11,68,0
782,12,68,1
782,13,68,0
782,14,68,0
782,15,68,0
782,16,68,0
782,17,68,0
782,18,68,0
782,19,68,0
782,20,68,0
782,21,68,0
782,22,68,0
782,23,68,0
782,24,68,0
782,25,68,0
782,26,68,0
782,27,68,0
782,28,68,0
782,29,68,0
782,30,68,0
782,31,68,0
782,32,68,0
782,33,68,0
782,34,68,0
782,35,68,0
782,36,68,0
782,37,68,0
782,38,68,0
782,39,68,0
782,40,68,0
782,41,68,0
782,42,68,0
782,43,68,0
782,44,68,0
782,45,68,0
782,46,68,0
782,47,68,1
782,48,68,0
782,49,68,0
782,50,68,0
782,51,68,0
782,52,68,0
782,53,68,0
782,54,68,0
782,55,68,0
782,56,68,0
782,57,68,0
782,58,68,0
782,59,68,0
782,60,68,0
782,61,68,0
782,62,68,0
782,63,68,0
782,64,68,0
782,65,68,0
782,66,68,0
782,67,68,0
782,68,68,0
782,69,68,0
782,70,68,0
782,71,68,0
782,72,68,0
782,73,68,0
782,74,68,0
782,75,68,0
782,76,68,0
782,77,68,0
782,78,68,0
782,79,68,0
782,80,68,0
782,81,68,0
782,82,68,0
782,83,68,0
782,84,68,0
782,85,68,0
782,86,68,0
782,87,68,0
782,88,68,0
782,89,68,0
782,90,68,0
782,91,68,0
782,92,68,0
782,93,68,0
782,94,68,0
782,95,68,0
782,96,68,0
782,97,68,0
782,98,68,0
782,99,68,0
782,100,68,0
782,101,68,0
782,102,68,0
782,103,68,1
782,104,68,0
782,105,68,0
782,106,68,0
782,107,68,0
782,108,68,0
782,109,68,0
782,110,68,0
782,111,68,0
