IMG_ID,PIXEL_X,PIXEL_Y,PIXEL_COLOR
29,0,0,0
29,1,0,0
29,2,0,0
29,3,0,0
29,4,0,0
29,5,0,0
29,6,0,0
29,7,0,0
29,8,0,0
29,9,0,0
29,10,0,0
29,11,0,0
29,12,0,0
29,13,0,0
29,14,0,0
29,15,0,0
29,16,0,0
29,17,0,0
29,18,0,0
29,19,0,0
29,20,0,0
29,21,0,0
29,22,0,0
29,23,0,0
29,24,0,0
29,25,0,0
29,26,0,0
29,27,0,0
29,28,0,0
29,29,0,0
29,30,0,0
29,31,0,0
29,32,0,0
29,33,0,0
29,34,0,0
29,35,0,0
29,36,0,0
29,37,0,0
29,38,0,0
29,39,0,0
29,40,0,0
29,41,0,0
29,42,0,0
29,43,0,0
29,44,0,0
29,45,0,0
29,46,0,0
29,47,0,0
29,48,0,0
29,49,0,0
29,50,0,0
29,51,0,0
29,52,0,0
29,53,0,0
29,54,0,0
29,55,0,0
29,56,0,0
29,57,0,0
29,58,0,0
29,59,0,0
29,60,0,0
29,61,0,0
29,62,0,0
29,63,0,0
29,64,0,0
29,65,0,0
29,66,0,0
29,67,0,0
29,68,0,0
29,69,0,0
29,70,0,0
29,71,0,0
29,72,0,0
29,73,0,0
29,74,0,0
29,75,0,0
29,76,0,0
29,77,0,0
29,78,0,0
29,79,0,0
29,80,0,0
29,81,0,0
29,82,0,0
29,83,0,0
29,84,0,0
29,85,0,0
29,86,0,0
29,87,0,0
29,88,0,0
29,89,0,0
29,90,0,0
29,91,0,0
29,92,0,0
29,93,0,0
29,94,0,0
29,95,0,0
29,96,0,0
29,97,0,0
29,98,0,0
29,99,0,0
29,100,0,0
29,101,0,0
29,102,0,0
29,103,0,0
29,104,0,0
29,105,0,0
29,106,0,0
29,107,0,0
29,108,0,0
29,109,0,0
29,110,0,0
29,111,0,0
29,0,1,0
29,1,1,0
29,2,1,0
29,3,1,0
29,4,1,0
29,5,1,0
29,6,1,0
29,7,1,0
29,8,1,0
29,9,1,0
29,10,1,0
29,11,1,0
29,12,1,0
29,13,1,0
29,14,1,1
29,15,1,0
29,16,1,0
29,17,1,0
29,18,1,0
29,19,1,0
29,20,1,0
29,21,1,0
29,22,1,0
29,23,1,0
29,24,1,1
29,25,1,0
29,26,1,0
29,27,1,0
29,28,1,0
29,29,1,0
29,30,1,0
29,31,1,0
29,32,1,0
29,33,1,0
29,34,1,0
29,35,1,0
29,36,1,1
29,37,1,0
29,38,1,0
29,39,1,0
29,40,1,0
29,41,1,0
29,42,1,0
29,43,1,0
29,44,1,0
29,45,1,0
29,46,1,0
29,47,1,0
29,48,1,0
29,49,1,0
29,50,1,0
29,51,1,0
29,52,1,0
29,53,1,0
29,54,1,0
29,55,1,0
29,56,1,0
29,57,1,0
29,58,1,0
29,59,1,0
29,60,1,0
29,61,1,0
29,62,1,0
29,63,1,0
29,64,1,0
29,65,1,0
29,66,1,0
29,67,1,0
29,68,1,0
29,69,1,0
29,70,1,0
29,71,1,0
29,72,1,0
29,73,1,0
29,74,1,0
29,75,1,0
29,76,1,0
29,77,1,0
29,78,1,0
29,79,1,0
29,80,1,0
29,81,1,0
29,82,1,0
29,83,1,0
29,84,1,0
29,85,1,0
29,86,1,0
29,87,1,0
29,88,1,0
29,89,1,0
29,90,1,0
29,91,1,0
29,92,1,0
29,93,1,0
29,94,1,0
29,95,1,0
29,96,1,0
29,97,1,0
29,98,1,0
29,99,1,0
29,100,1,0
29,101,1,0
29,102,1,0
29,103,1,0
29,104,1,0
29,105,1,0
29,106,1,0
29,107,1,0
29,108,1,0
29,109,1,0
29,110,1,0
29,111,1,0
29,0,2,0
29,1,2,0
29,2,2,0
29,3,2,0
29,4,2,0
29,5,2,0
29,6,2,0
29,7,2,0
29,8,2,0
29,9,2,0
29,10,2,0
29,11,2,0
29,12,2,0
29,13,2,0
29,14,2,0
29,15,2,0
29,16,2,0
29,17,2,0
29,18,2,0
29,19,2,0
29,20,2,0
29,21,2,0
29,22,2,0
29,23,2,0
29,24,2,0
29,25,2,0
29,26,2,0
29,27,2,0
29,28,2,0
29,29,2,0
29,30,2,0
29,31,2,0
29,32,2,0
29,33,2,0
29,34,2,0
29,35,2,0
29,36,2,0
29,37,2,0
29,38,2,0
29,39,2,0
29,40,2,0
29,41,2,0
29,42,2,0
29,43,2,0
29,44,2,0
29,45,2,0
29,46,2,0
29,47,2,0
29,48,2,0
29,49,2,0
29,50,2,0
29,51,2,0
29,52,2,0
29,53,2,0
29,54,2,0
29,55,2,0
29,56,2,0
29,57,2,0
29,58,2,0
29,59,2,0
29,60,2,1
29,61,2,0
29,62,2,0
29,63,2,0
29,64,2,0
29,65,2,0
29,66,2,0
29,67,2,1
29,68,2,0
29,69,2,1
29,70,2,0
29,71,2,0
29,72,2,0
29,73,2,0
29,74,2,0
29,75,2,0
29,76,2,0
29,77,2,0
29,78,2,0
29,79,2,0
29,80,2,0
29,81,2,0
29,82,2,0
29,83,2,0
29,84,2,0
29,85,2,0
29,86,2,0
29,87,2,0
29,88,2,0
29,89,2,0
29,90,2,0
29,91,2,0
29,92,2,0
29,93,2,1
29,94,2,0
29,95,2,0
29,96,2,0
29,97,2,0
29,98,2,0
29,99,2,0
29,100,2,0
29,101,2,0
29,102,2,0
29,103,2,0
29,104,2,0
29,105,2,0
29,106,2,0
29,107,2,0
29,108,2,0
29,109,2,0
29,110,2,0
29,111,2,0
29,0,3,0
29,1,3,0
29,2,3,0
29,3,3,0
29,4,3,0
29,5,3,0
29,6,3,0
29,7,3,0
29,8,3,0
29,9,3,0
29,10,3,0
29,11,3,0
29,12,3,0
29,13,3,0
29,14,3,0
29,15,3,0
29,16,3,0
29,17,3,0
29,18,3,0
29,19,3,0
29,20,3,0
29,21,3,0
29,22,3,0
29,23,3,0
29,24,3,0
29,25,3,0
29,26,3,0
29,27,3,0
29,28,3,0
29,29,3,0
29,30,3,0
29,31,3,0
29,32,3,0
29,33,3,0
29,34,3,0
29,35,3,0
29,36,3,0
29,37,3,0
29,38,3,0
29,39,3,0
29,40,3,0
29,41,3,0
29,42,3,0
29,43,3,0
29,44,3,0
29,45,3,0
29,46,3,0
29,47,3,0
29,48,3,0
29,49,3,0
29,50,3,0
29,51,3,0
29,52,3,0
29,53,3,0
29,54,3,0
29,55,3,0
29,56,3,0
29,57,3,0
29,58,3,0
29,59,3,0
29,60,3,0
29,61,3,0
29,62,3,0
29,63,3,0
29,64,3,0
29,65,3,0
29,66,3,0
29,67,3,0
29,68,3,0
29,69,3,0
29,70,3,0
29,71,3,0
29,72,3,0
29,73,3,0
29,74,3,0
29,75,3,0
29,76,3,0
29,77,3,0
29,78,3,0
29,79,3,0
29,80,3,0
29,81,3,0
29,82,3,0
29,83,3,0
29,84,3,0
29,85,3,0
29,86,3,0
29,87,3,0
29,88,3,0
29,89,3,0
29,90,3,0
29,91,3,0
29,92,3,0
29,93,3,0
29,94,3,0
29,95,3,0
29,96,3,0
29,97,3,0
29,98,3,0
29,99,3,0
29,100,3,0
29,101,3,0
29,102,3,0
29,103,3,0
29,104,3,0
29,105,3,0
29,106,3,0
29,107,3,0
29,108,3,0
29,109,3,0
29,110,3,0
29,111,3,0
29,0,4,1
29,1,4,0
29,2,4,0
29,3,4,0
29,4,4,0
29,5,4,0
29,6,4,0
29,7,4,0
29,8,4,0
29,9,4,0
29,10,4,0
29,11,4,0
29,12,4,0
29,13,4,0
29,14,4,0
29,15,4,0
29,16,4,0
29,17,4,0
29,18,4,0
29,19,4,0
29,20,4,0
29,21,4,0
29,22,4,0
29,23,4,0
29,24,4,0
29,25,4,0
29,26,4,0
29,27,4,0
29,28,4,0
29,29,4,0
29,30,4,0
29,31,4,0
29,32,4,0
29,33,4,0
29,34,4,0
29,35,4,0
29,36,4,0
29,37,4,0
29,38,4,0
29,39,4,0
29,40,4,0
29,41,4,0
29,42,4,0
29,43,4,0
29,44,4,0
29,45,4,0
29,46,4,0
29,47,4,0
29,48,4,0
29,49,4,0
29,50,4,0
29,51,4,0
29,52,4,0
29,53,4,0
29,54,4,0
29,55,4,0
29,56,4,0
29,57,4,0
29,58,4,0
29,59,4,0
29,60,4,0
29,61,4,0
29,62,4,0
29,63,4,0
29,64,4,0
29,65,4,0
29,66,4,0
29,67,4,0
29,68,4,0
29,69,4,0
29,70,4,0
29,71,4,0
29,72,4,0
29,73,4,0
29,74,4,0
29,75,4,0
29,76,4,0
29,77,4,0
29,78,4,0
29,79,4,0
29,80,4,0
29,81,4,0
29,82,4,0
29,83,4,0
29,84,4,0
29,85,4,0
29,86,4,0
29,87,4,0
29,88,4,0
29,89,4,0
29,90,4,0
29,91,4,0
29,92,4,0
29,93,4,0
29,94,4,0
29,95,4,0
29,96,4,0
29,97,4,0
29,98,4,0
29,99,4,0
29,100,4,0
29,101,4,0
29,102,4,0
29,103,4,0
29,104,4,0
29,105,4,0
29,106,4,0
29,107,4,0
29,108,4,0
29,109,4,0
29,110,4,0
29,111,4,0
29,0,5,0
29,1,5,0
29,2,5,0
29,3,5,0
29,4,5,0
29,5,5,0
29,6,5,0
29,7,5,0
29,8,5,0
29,9,5,0
29,10,5,0
29,11,5,0
29,12,5,0
29,13,5,0
29,14,5,0
29,15,5,0
29,16,5,0
29,17,5,1
29,18,5,0
29,19,5,0
29,20,5,0
29,21,5,0
29,22,5,0
29,23,5,0
29,24,5,0
29,25,5,0
29,26,5,0
29,27,5,0
29,28,5,0
29,29,5,0
29,30,5,0
29,31,5,0
29,32,5,0
29,33,5,0
29,34,5,0
29,35,5,0
29,36,5,0
29,37,5,0
29,38,5,0
29,39,5,0
29,40,5,0
29,41,5,0
29,42,5,0
29,43,5,0
29,44,5,0
29,45,5,0
29,46,5,0
29,47,5,0
29,48,5,0
29,49,5,0
29,50,5,0
29,51,5,0
29,52,5,0
29,53,5,0
29,54,5,1
29,55,5,0
29,56,5,0
29,57,5,0
29,58,5,0
29,59,5,0
29,60,5,0
29,61,5,0
29,62,5,0
29,63,5,0
29,64,5,0
29,65,5,0
29,66,5,0
29,67,5,0
29,68,5,0
29,69,5,0
29,70,5,0
29,71,5,0
29,72,5,0
29,73,5,0
29,74,5,0
29,75,5,0
29,76,5,0
29,77,5,0
29,78,5,0
29,79,5,0
29,80,5,0
29,81,5,0
29,82,5,0
29,83,5,0
29,84,5,0
29,85,5,0
29,86,5,0
29,87,5,0
29,88,5,0
29,89,5,0
29,90,5,0
29,91,5,0
29,92,5,0
29,93,5,0
29,94,5,0
29,95,5,0
29,96,5,0
29,97,5,0
29,98,5,0
29,99,5,0
29,100,5,0
29,101,5,0
29,102,5,0
29,103,5,0
29,104,5,0
29,105,5,0
29,106,5,0
29,107,5,1
29,108,5,0
29,109,5,0
29,110,5,0
29,111,5,0
29,0,6,0
29,1,6,0
29,2,6,0
29,3,6,0
29,4,6,0
29,5,6,0
29,6,6,0
29,7,6,0
29,8,6,0
29,9,6,0
29,10,6,0
29,11,6,0
29,12,6,0
29,13,6,0
29,14,6,0
29,15,6,0
29,16,6,0
29,17,6,0
29,18,6,0
29,19,6,0
29,20,6,0
29,21,6,0
29,22,6,0
29,23,6,0
29,24,6,0
29,25,6,0
29,26,6,0
29,27,6,0
29,28,6,0
29,29,6,0
29,30,6,0
29,31,6,0
29,32,6,0
29,33,6,0
29,34,6,0
29,35,6,0
29,36,6,0
29,37,6,0
29,38,6,0
29,39,6,0
29,40,6,0
29,41,6,0
29,42,6,0
29,43,6,0
29,44,6,0
29,45,6,1
29,46,6,0
29,47,6,0
29,48,6,0
29,49,6,0
29,50,6,0
29,51,6,0
29,52,6,0
29,53,6,0
29,54,6,0
29,55,6,0
29,56,6,0
29,57,6,0
29,58,6,0
29,59,6,0
29,60,6,0
29,61,6,0
29,62,6,0
29,63,6,0
29,64,6,0
29,65,6,0
29,66,6,0
29,67,6,0
29,68,6,0
29,69,6,0
29,70,6,0
29,71,6,0
29,72,6,0
29,73,6,0
29,74,6,0
29,75,6,0
29,76,6,0
29,77,6,0
29,78,6,0
29,79,6,0
29,80,6,0
29,81,6,0
29,82,6,0
29,83,6,0
29,84,6,0
29,85,6,0
29,86,6,0
29,87,6,0
29,88,6,0
29,89,6,0
29,90,6,0
29,91,6,0
29,92,6,0
29,93,6,0
29,94,6,0
29,95,6,0
29,96,6,0
29,97,6,0
29,98,6,0
29,99,6,0
29,100,6,0
29,101,6,0
29,102,6,0
29,103,6,0
29,104,6,0
29,105,6,0
29,106,6,0
29,107,6,0
29,108,6,0
29,109,6,0
29,110,6,0
29,111,6,1
29,0,7,0
29,1,7,0
29,2,7,0
29,3,7,0
29,4,7,0
29,5,7,0
29,6,7,0
29,7,7,0
29,8,7,0
29,9,7,0
29,10,7,0
29,11,7,0
29,12,7,0
29,13,7,0
29,14,7,0
29,15,7,1
29,16,7,0
29,17,7,0
29,18,7,0
29,19,7,0
29,20,7,0
29,21,7,0
29,22,7,0
29,23,7,0
29,24,7,0
29,25,7,0
29,26,7,0
29,27,7,0
29,28,7,0
29,29,7,0
29,30,7,0
29,31,7,0
29,32,7,0
29,33,7,0
29,34,7,0
29,35,7,0
29,36,7,0
29,37,7,0
29,38,7,0
29,39,7,0
29,40,7,0
29,41,7,0
29,42,7,0
29,43,7,0
29,44,7,0
29,45,7,0
29,46,7,0
29,47,7,0
29,48,7,0
29,49,7,0
29,50,7,0
29,51,7,0
29,52,7,0
29,53,7,0
29,54,7,0
29,55,7,0
29,56,7,0
29,57,7,0
29,58,7,0
29,59,7,0
29,60,7,0
29,61,7,0
29,62,7,0
29,63,7,0
29,64,7,0
29,65,7,0
29,66,7,0
29,67,7,0
29,68,7,0
29,69,7,0
29,70,7,0
29,71,7,0
29,72,7,0
29,73,7,0
29,74,7,1
29,75,7,0
29,76,7,0
29,77,7,0
29,78,7,0
29,79,7,0
29,80,7,0
29,81,7,0
29,82,7,0
29,83,7,0
29,84,7,0
29,85,7,0
29,86,7,0
29,87,7,0
29,88,7,0
29,89,7,0
29,90,7,0
29,91,7,0
29,92,7,0
29,93,7,1
29,94,7,0
29,95,7,0
29,96,7,0
29,97,7,0
29,98,7,0
29,99,7,0
29,100,7,0
29,101,7,0
29,102,7,0
29,103,7,0
29,104,7,0
29,105,7,0
29,106,7,0
29,107,7,0
29,108,7,0
29,109,7,1
29,110,7,0
29,111,7,0
29,0,8,0
29,1,8,0
29,2,8,0
29,3,8,0
29,4,8,0
29,5,8,0
29,6,8,0
29,7,8,0
29,8,8,0
29,9,8,0
29,10,8,0
29,11,8,0
29,12,8,0
29,13,8,0
29,14,8,0
29,15,8,0
29,16,8,0
29,17,8,0
29,18,8,0
29,19,8,0
29,20,8,0
29,21,8,0
29,22,8,0
29,23,8,0
29,24,8,0
29,25,8,0
29,26,8,1
29,27,8,0
29,28,8,0
29,29,8,0
29,30,8,0
29,31,8,0
29,32,8,0
29,33,8,0
29,34,8,0
29,35,8,0
29,36,8,0
29,37,8,0
29,38,8,0
29,39,8,0
29,40,8,0
29,41,8,0
29,42,8,0
29,43,8,0
29,44,8,0
29,45,8,0
29,46,8,0
29,47,8,0
29,48,8,0
29,49,8,0
29,50,8,0
29,51,8,0
29,52,8,0
29,53,8,0
29,54,8,0
29,55,8,0
29,56,8,0
29,57,8,0
29,58,8,0
29,59,8,0
29,60,8,0
29,61,8,0
29,62,8,0
29,63,8,0
29,64,8,0
29,65,8,0
29,66,8,0
29,67,8,0
29,68,8,0
29,69,8,0
29,70,8,0
29,71,8,0
29,72,8,0
29,73,8,0
29,74,8,1
29,75,8,0
29,76,8,0
29,77,8,0
29,78,8,0
29,79,8,0
29,80,8,0
29,81,8,0
29,82,8,0
29,83,8,0
29,84,8,1
29,85,8,0
29,86,8,0
29,87,8,0
29,88,8,1
29,89,8,0
29,90,8,0
29,91,8,0
29,92,8,0
29,93,8,0
29,94,8,0
29,95,8,0
29,96,8,0
29,97,8,1
29,98,8,0
29,99,8,0
29,100,8,0
29,101,8,0
29,102,8,0
29,103,8,0
29,104,8,0
29,105,8,0
29,106,8,0
29,107,8,0
29,108,8,0
29,109,8,0
29,110,8,0
29,111,8,0
29,0,9,0
29,1,9,0
29,2,9,0
29,3,9,0
29,4,9,0
29,5,9,0
29,6,9,0
29,7,9,0
29,8,9,0
29,9,9,0
29,10,9,0
29,11,9,0
29,12,9,0
29,13,9,0
29,14,9,0
29,15,9,0
29,16,9,0
29,17,9,0
29,18,9,0
29,19,9,0
29,20,9,0
29,21,9,0
29,22,9,0
29,23,9,0
29,24,9,0
29,25,9,0
29,26,9,0
29,27,9,0
29,28,9,0
29,29,9,1
29,30,9,0
29,31,9,0
29,32,9,0
29,33,9,0
29,34,9,0
29,35,9,0
29,36,9,0
29,37,9,0
29,38,9,0
29,39,9,0
29,40,9,0
29,41,9,0
29,42,9,0
29,43,9,0
29,44,9,0
29,45,9,0
29,46,9,0
29,47,9,0
29,48,9,0
29,49,9,0
29,50,9,0
29,51,9,0
29,52,9,0
29,53,9,0
29,54,9,0
29,55,9,0
29,56,9,1
29,57,9,0
29,58,9,0
29,59,9,0
29,60,9,0
29,61,9,0
29,62,9,0
29,63,9,0
29,64,9,0
29,65,9,0
29,66,9,0
29,67,9,0
29,68,9,0
29,69,9,0
29,70,9,0
29,71,9,0
29,72,9,0
29,73,9,0
29,74,9,0
29,75,9,0
29,76,9,0
29,77,9,0
29,78,9,0
29,79,9,0
29,80,9,0
29,81,9,0
29,82,9,0
29,83,9,0
29,84,9,0
29,85,9,0
29,86,9,0
29,87,9,0
29,88,9,0
29,89,9,0
29,90,9,0
29,91,9,0
29,92,9,0
29,93,9,0
29,94,9,0
29,95,9,0
29,96,9,0
29,97,9,0
29,98,9,0
29,99,9,0
29,100,9,0
29,101,9,0
29,102,9,0
29,103,9,0
29,104,9,0
29,105,9,0
29,106,9,0
29,107,9,0
29,108,9,0
29,109,9,0
29,110,9,0
29,111,9,0
29,0,10,0
29,1,10,0
29,2,10,0
29,3,10,0
29,4,10,0
29,5,10,0
29,6,10,0
29,7,10,0
29,8,10,0
29,9,10,0
29,10,10,0
29,11,10,0
29,12,10,0
29,13,10,0
29,14,10,0
29,15,10,0
29,16,10,0
29,17,10,0
29,18,10,0
29,19,10,0
29,20,10,0
29,21,10,0
29,22,10,0
29,23,10,0
29,24,10,0
29,25,10,0
29,26,10,0
29,27,10,0
29,28,10,0
29,29,10,0
29,30,10,0
29,31,10,0
29,32,10,0
29,33,10,0
29,34,10,0
29,35,10,0
29,36,10,0
29,37,10,0
29,38,10,0
29,39,10,0
29,40,10,0
29,41,10,0
29,42,10,0
29,43,10,0
29,44,10,0
29,45,10,0
29,46,10,0
29,47,10,0
29,48,10,0
29,49,10,0
29,50,10,0
29,51,10,0
29,52,10,0
29,53,10,0
29,54,10,0
29,55,10,0
29,56,10,0
29,57,10,0
29,58,10,0
29,59,10,0
29,60,10,0
29,61,10,0
29,62,10,0
29,63,10,0
29,64,10,0
29,65,10,0
29,66,10,0
29,67,10,0
29,68,10,0
29,69,10,0
29,70,10,0
29,71,10,0
29,72,10,0
29,73,10,0
29,74,10,0
29,75,10,0
29,76,10,0
29,77,10,0
29,78,10,0
29,79,10,0
29,80,10,0
29,81,10,0
29,82,10,0
29,83,10,0
29,84,10,0
29,85,10,1
29,86,10,0
29,87,10,0
29,88,10,0
29,89,10,0
29,90,10,0
29,91,10,0
29,92,10,0
29,93,10,0
29,94,10,0
29,95,10,0
29,96,10,0
29,97,10,0
29,98,10,0
29,99,10,0
29,100,10,0
29,101,10,0
29,102,10,0
29,103,10,0
29,104,10,0
29,105,10,0
29,106,10,0
29,107,10,0
29,108,10,0
29,109,10,0
29,110,10,0
29,111,10,0
29,0,11,0
29,1,11,0
29,2,11,0
29,3,11,0
29,4,11,0
29,5,11,0
29,6,11,0
29,7,11,0
29,8,11,0
29,9,11,0
29,10,11,0
29,11,11,0
29,12,11,0
29,13,11,0
29,14,11,0
29,15,11,0
29,16,11,0
29,17,11,0
29,18,11,0
29,19,11,0
29,20,11,0
29,21,11,0
29,22,11,0
29,23,11,0
29,24,11,0
29,25,11,0
29,26,11,0
29,27,11,0
29,28,11,0
29,29,11,0
29,30,11,0
29,31,11,0
29,32,11,0
29,33,11,0
29,34,11,0
29,35,11,0
29,36,11,0
29,37,11,0
29,38,11,0
29,39,11,0
29,40,11,0
29,41,11,0
29,42,11,0
29,43,11,0
29,44,11,0
29,45,11,0
29,46,11,0
29,47,11,0
29,48,11,0
29,49,11,0
29,50,11,0
29,51,11,0
29,52,11,0
29,53,11,0
29,54,11,0
29,55,11,0
29,56,11,0
29,57,11,0
29,58,11,0
29,59,11,0
29,60,11,1
29,61,11,0
29,62,11,0
29,63,11,0
29,64,11,0
29,65,11,0
29,66,11,0
29,67,11,0
29,68,11,0
29,69,11,0
29,70,11,0
29,71,11,0
29,72,11,0
29,73,11,0
29,74,11,0
29,75,11,0
29,76,11,0
29,77,11,0
29,78,11,0
29,79,11,0
29,80,11,0
29,81,11,0
29,82,11,0
29,83,11,0
29,84,11,0
29,85,11,0
29,86,11,0
29,87,11,0
29,88,11,0
29,89,11,0
29,90,11,0
29,91,11,0
29,92,11,0
29,93,11,0
29,94,11,0
29,95,11,0
29,96,11,0
29,97,11,0
29,98,11,0
29,99,11,0
29,100,11,0
29,101,11,0
29,102,11,0
29,103,11,1
29,104,11,0
29,105,11,0
29,106,11,0
29,107,11,0
29,108,11,0
29,109,11,0
29,110,11,0
29,111,11,0
29,0,12,0
29,1,12,0
29,2,12,0
29,3,12,0
29,4,12,0
29,5,12,1
29,6,12,0
29,7,12,0
29,8,12,0
29,9,12,0
29,10,12,0
29,11,12,0
29,12,12,0
29,13,12,0
29,14,12,0
29,15,12,0
29,16,12,0
29,17,12,0
29,18,12,0
29,19,12,0
29,20,12,0
29,21,12,0
29,22,12,0
29,23,12,0
29,24,12,0
29,25,12,0
29,26,12,0
29,27,12,0
29,28,12,0
29,29,12,0
29,30,12,0
29,31,12,0
29,32,12,0
29,33,12,0
29,34,12,0
29,35,12,0
29,36,12,0
29,37,12,0
29,38,12,0
29,39,12,0
29,40,12,0
29,41,12,0
29,42,12,0
29,43,12,0
29,44,12,0
29,45,12,0
29,46,12,0
29,47,12,0
29,48,12,0
29,49,12,0
29,50,12,0
29,51,12,0
29,52,12,0
29,53,12,0
29,54,12,0
29,55,12,0
29,56,12,0
29,57,12,0
29,58,12,0
29,59,12,0
29,60,12,0
29,61,12,0
29,62,12,0
29,63,12,0
29,64,12,0
29,65,12,0
29,66,12,0
29,67,12,0
29,68,12,0
29,69,12,0
29,70,12,0
29,71,12,0
29,72,12,0
29,73,12,0
29,74,12,0
29,75,12,0
29,76,12,0
29,77,12,0
29,78,12,0
29,79,12,0
29,80,12,0
29,81,12,0
29,82,12,1
29,83,12,0
29,84,12,0
29,85,12,0
29,86,12,0
29,87,12,0
29,88,12,0
29,89,12,0
29,90,12,0
29,91,12,0
29,92,12,0
29,93,12,0
29,94,12,0
29,95,12,0
29,96,12,1
29,97,12,0
29,98,12,0
29,99,12,0
29,100,12,0
29,101,12,0
29,102,12,0
29,103,12,0
29,104,12,0
29,105,12,0
29,106,12,0
29,107,12,0
29,108,12,0
29,109,12,0
29,110,12,0
29,111,12,0
29,0,13,0
29,1,13,0
29,2,13,0
29,3,13,0
29,4,13,0
29,5,13,0
29,6,13,0
29,7,13,0
29,8,13,0
29,9,13,0
29,10,13,0
29,11,13,0
29,12,13,0
29,13,13,0
29,14,13,0
29,15,13,0
29,16,13,0
29,17,13,0
29,18,13,1
29,19,13,0
29,20,13,0
29,21,13,0
29,22,13,0
29,23,13,0
29,24,13,0
29,25,13,0
29,26,13,0
29,27,13,0
29,28,13,0
29,29,13,0
29,30,13,0
29,31,13,0
29,32,13,0
29,33,13,0
29,34,13,0
29,35,13,0
29,36,13,0
29,37,13,0
29,38,13,0
29,39,13,0
29,40,13,0
29,41,13,0
29,42,13,0
29,43,13,0
29,44,13,0
29,45,13,0
29,46,13,0
29,47,13,0
29,48,13,0
29,49,13,0
29,50,13,0
29,51,13,0
29,52,13,0
29,53,13,0
29,54,13,0
29,55,13,0
29,56,13,0
29,57,13,0
29,58,13,0
29,59,13,0
29,60,13,0
29,61,13,0
29,62,13,0
29,63,13,0
29,64,13,0
29,65,13,0
29,66,13,0
29,67,13,0
29,68,13,0
29,69,13,0
29,70,13,0
29,71,13,0
29,72,13,0
29,73,13,0
29,74,13,0
29,75,13,0
29,76,13,0
29,77,13,0
29,78,13,0
29,79,13,0
29,80,13,0
29,81,13,0
29,82,13,0
29,83,13,0
29,84,13,0
29,85,13,0
29,86,13,0
29,87,13,0
29,88,13,0
29,89,13,0
29,90,13,0
29,91,13,0
29,92,13,0
29,93,13,0
29,94,13,0
29,95,13,0
29,96,13,0
29,97,13,0
29,98,13,0
29,99,13,0
29,100,13,0
29,101,13,0
29,102,13,0
29,103,13,0
29,104,13,0
29,105,13,0
29,106,13,0
29,107,13,0
29,108,13,0
29,109,13,0
29,110,13,0
29,111,13,0
29,0,14,0
29,1,14,0
29,2,14,0
29,3,14,0
29,4,14,0
29,5,14,0
29,6,14,0
29,7,14,0
29,8,14,0
29,9,14,0
29,10,14,0
29,11,14,0
29,12,14,0
29,13,14,0
29,14,14,0
29,15,14,0
29,16,14,0
29,17,14,0
29,18,14,0
29,19,14,0
29,20,14,0
29,21,14,0
29,22,14,0
29,23,14,0
29,24,14,0
29,25,14,0
29,26,14,0
29,27,14,0
29,28,14,0
29,29,14,0
29,30,14,0
29,31,14,0
29,32,14,0
29,33,14,0
29,34,14,0
29,35,14,0
29,36,14,0
29,37,14,0
29,38,14,0
29,39,14,0
29,40,14,0
29,41,14,0
29,42,14,0
29,43,14,0
29,44,14,0
29,45,14,0
29,46,14,0
29,47,14,0
29,48,14,0
29,49,14,0
29,50,14,0
29,51,14,0
29,52,14,0
29,53,14,0
29,54,14,0
29,55,14,0
29,56,14,0
29,57,14,0
29,58,14,0
29,59,14,0
29,60,14,0
29,61,14,0
29,62,14,0
29,63,14,0
29,64,14,0
29,65,14,0
29,66,14,0
29,67,14,0
29,68,14,0
29,69,14,0
29,70,14,0
29,71,14,0
29,72,14,0
29,73,14,0
29,74,14,0
29,75,14,0
29,76,14,0
29,77,14,0
29,78,14,0
29,79,14,0
29,80,14,0
29,81,14,0
29,82,14,0
29,83,14,1
29,84,14,0
29,85,14,0
29,86,14,0
29,87,14,0
29,88,14,0
29,89,14,0
29,90,14,0
29,91,14,0
29,92,14,0
29,93,14,0
29,94,14,0
29,95,14,0
29,96,14,0
29,97,14,0
29,98,14,0
29,99,14,0
29,100,14,0
29,101,14,0
29,102,14,0
29,103,14,0
29,104,14,0
29,105,14,0
29,106,14,0
29,107,14,0
29,108,14,0
29,109,14,0
29,110,14,0
29,111,14,0
29,0,15,0
29,1,15,0
29,2,15,0
29,3,15,0
29,4,15,0
29,5,15,0
29,6,15,0
29,7,15,0
29,8,15,1
29,9,15,0
29,10,15,0
29,11,15,0
29,12,15,0
29,13,15,0
29,14,15,0
29,15,15,0
29,16,15,0
29,17,15,0
29,18,15,0
29,19,15,0
29,20,15,0
29,21,15,0
29,22,15,0
29,23,15,0
29,24,15,0
29,25,15,0
29,26,15,0
29,27,15,0
29,28,15,0
29,29,15,0
29,30,15,0
29,31,15,0
29,32,15,0
29,33,15,0
29,34,15,0
29,35,15,0
29,36,15,0
29,37,15,0
29,38,15,0
29,39,15,1
29,40,15,0
29,41,15,0
29,42,15,0
29,43,15,0
29,44,15,0
29,45,15,0
29,46,15,0
29,47,15,1
29,48,15,0
29,49,15,0
29,50,15,0
29,51,15,0
29,52,15,0
29,53,15,0
29,54,15,0
29,55,15,0
29,56,15,0
29,57,15,0
29,58,15,0
29,59,15,0
29,60,15,0
29,61,15,0
29,62,15,1
29,63,15,0
29,64,15,0
29,65,15,0
29,66,15,0
29,67,15,0
29,68,15,0
29,69,15,0
29,70,15,0
29,71,15,0
29,72,15,0
29,73,15,0
29,74,15,0
29,75,15,1
29,76,15,0
29,77,15,0
29,78,15,0
29,79,15,0
29,80,15,0
29,81,15,0
29,82,15,0
29,83,15,0
29,84,15,0
29,85,15,0
29,86,15,0
29,87,15,0
29,88,15,0
29,89,15,0
29,90,15,0
29,91,15,0
29,92,15,0
29,93,15,0
29,94,15,0
29,95,15,0
29,96,15,0
29,97,15,0
29,98,15,0
29,99,15,0
29,100,15,0
29,101,15,0
29,102,15,0
29,103,15,0
29,104,15,0
29,105,15,0
29,106,15,0
29,107,15,0
29,108,15,0
29,109,15,0
29,110,15,0
29,111,15,0
29,0,16,0
29,1,16,0
29,2,16,0
29,3,16,0
29,4,16,0
29,5,16,0
29,6,16,0
29,7,16,0
29,8,16,0
29,9,16,0
29,10,16,0
29,11,16,0
29,12,16,0
29,13,16,0
29,14,16,0
29,15,16,0
29,16,16,0
29,17,16,0
29,18,16,0
29,19,16,0
29,20,16,0
29,21,16,0
29,22,16,0
29,23,16,0
29,24,16,0
29,25,16,0
29,26,16,0
29,27,16,0
29,28,16,0
29,29,16,0
29,30,16,0
29,31,16,0
29,32,16,0
29,33,16,0
29,34,16,0
29,35,16,0
29,36,16,0
29,37,16,0
29,38,16,0
29,39,16,0
29,40,16,0
29,41,16,0
29,42,16,0
29,43,16,0
29,44,16,0
29,45,16,0
29,46,16,0
29,47,16,0
29,48,16,0
29,49,16,0
29,50,16,0
29,51,16,0
29,52,16,0
29,53,16,0
29,54,16,0
29,55,16,0
29,56,16,1
29,57,16,0
29,58,16,0
29,59,16,0
29,60,16,0
29,61,16,0
29,62,16,0
29,63,16,0
29,64,16,0
29,65,16,0
29,66,16,0
29,67,16,0
29,68,16,0
29,69,16,0
29,70,16,0
29,71,16,0
29,72,16,0
29,73,16,0
29,74,16,0
29,75,16,0
29,76,16,0
29,77,16,0
29,78,16,0
29,79,16,0
29,80,16,0
29,81,16,0
29,82,16,0
29,83,16,0
29,84,16,0
29,85,16,0
29,86,16,0
29,87,16,0
29,88,16,0
29,89,16,0
29,90,16,0
29,91,16,0
29,92,16,0
29,93,16,0
29,94,16,0
29,95,16,0
29,96,16,0
29,97,16,0
29,98,16,0
29,99,16,0
29,100,16,0
29,101,16,0
29,102,16,1
29,103,16,0
29,104,16,0
29,105,16,0
29,106,16,0
29,107,16,1
29,108,16,1
29,109,16,0
29,110,16,0
29,111,16,0
29,0,17,0
29,1,17,0
29,2,17,0
29,3,17,0
29,4,17,0
29,5,17,0
29,6,17,0
29,7,17,0
29,8,17,0
29,9,17,0
29,10,17,0
29,11,17,0
29,12,17,0
29,13,17,0
29,14,17,0
29,15,17,0
29,16,17,0
29,17,17,0
29,18,17,0
29,19,17,0
29,20,17,0
29,21,17,0
29,22,17,0
29,23,17,0
29,24,17,0
29,25,17,0
29,26,17,0
29,27,17,0
29,28,17,0
29,29,17,0
29,30,17,0
29,31,17,0
29,32,17,0
29,33,17,0
29,34,17,0
29,35,17,0
29,36,17,0
29,37,17,0
29,38,17,0
29,39,17,0
29,40,17,0
29,41,17,1
29,42,17,0
29,43,17,0
29,44,17,0
29,45,17,0
29,46,17,0
29,47,17,0
29,48,17,0
29,49,17,0
29,50,17,0
29,51,17,0
29,52,17,1
29,53,17,0
29,54,17,0
29,55,17,0
29,56,17,0
29,57,17,0
29,58,17,0
29,59,17,0
29,60,17,0
29,61,17,0
29,62,17,0
29,63,17,0
29,64,17,0
29,65,17,0
29,66,17,0
29,67,17,0
29,68,17,0
29,69,17,0
29,70,17,0
29,71,17,0
29,72,17,0
29,73,17,0
29,74,17,0
29,75,17,0
29,76,17,0
29,77,17,0
29,78,17,0
29,79,17,0
29,80,17,0
29,81,17,0
29,82,17,0
29,83,17,0
29,84,17,0
29,85,17,0
29,86,17,0
29,87,17,0
29,88,17,0
29,89,17,0
29,90,17,0
29,91,17,0
29,92,17,0
29,93,17,0
29,94,17,0
29,95,17,0
29,96,17,0
29,97,17,0
29,98,17,0
29,99,17,0
29,100,17,0
29,101,17,0
29,102,17,0
29,103,17,0
29,104,17,0
29,105,17,0
29,106,17,0
29,107,17,1
29,108,17,0
29,109,17,0
29,110,17,0
29,111,17,0
29,0,18,0
29,1,18,0
29,2,18,0
29,3,18,0
29,4,18,0
29,5,18,0
29,6,18,0
29,7,18,0
29,8,18,0
29,9,18,0
29,10,18,0
29,11,18,0
29,12,18,0
29,13,18,0
29,14,18,0
29,15,18,0
29,16,18,0
29,17,18,0
29,18,18,0
29,19,18,0
29,20,18,0
29,21,18,0
29,22,18,0
29,23,18,0
29,24,18,0
29,25,18,0
29,26,18,0
29,27,18,0
29,28,18,0
29,29,18,0
29,30,18,0
29,31,18,0
29,32,18,0
29,33,18,0
29,34,18,0
29,35,18,1
29,36,18,0
29,37,18,0
29,38,18,0
29,39,18,0
29,40,18,0
29,41,18,0
29,42,18,0
29,43,18,0
29,44,18,0
29,45,18,0
29,46,18,0
29,47,18,0
29,48,18,0
29,49,18,0
29,50,18,0
29,51,18,0
29,52,18,0
29,53,18,0
29,54,18,0
29,55,18,0
29,56,18,0
29,57,18,0
29,58,18,0
29,59,18,0
29,60,18,0
29,61,18,0
29,62,18,0
29,63,18,0
29,64,18,0
29,65,18,0
29,66,18,0
29,67,18,1
29,68,18,0
29,69,18,0
29,70,18,0
29,71,18,0
29,72,18,0
29,73,18,0
29,74,18,0
29,75,18,0
29,76,18,0
29,77,18,0
29,78,18,0
29,79,18,0
29,80,18,0
29,81,18,0
29,82,18,0
29,83,18,0
29,84,18,0
29,85,18,0
29,86,18,0
29,87,18,0
29,88,18,0
29,89,18,0
29,90,18,0
29,91,18,0
29,92,18,0
29,93,18,0
29,94,18,1
29,95,18,0
29,96,18,0
29,97,18,0
29,98,18,0
29,99,18,0
29,100,18,0
29,101,18,0
29,102,18,0
29,103,18,0
29,104,18,0
29,105,18,0
29,106,18,0
29,107,18,0
29,108,18,0
29,109,18,0
29,110,18,0
29,111,18,0
29,0,19,0
29,1,19,0
29,2,19,0
29,3,19,0
29,4,19,0
29,5,19,0
29,6,19,0
29,7,19,0
29,8,19,0
29,9,19,0
29,10,19,0
29,11,19,0
29,12,19,0
29,13,19,0
29,14,19,0
29,15,19,0
29,16,19,0
29,17,19,0
29,18,19,0
29,19,19,0
29,20,19,0
29,21,19,0
29,22,19,0
29,23,19,0
29,24,19,0
29,25,19,0
29,26,19,0
29,27,19,0
29,28,19,0
29,29,19,0
29,30,19,0
29,31,19,0
29,32,19,0
29,33,19,0
29,34,19,0
29,35,19,0
29,36,19,0
29,37,19,0
29,38,19,0
29,39,19,0
29,40,19,0
29,41,19,0
29,42,19,0
29,43,19,0
29,44,19,0
29,45,19,0
29,46,19,0
29,47,19,0
29,48,19,0
29,49,19,0
29,50,19,0
29,51,19,0
29,52,19,0
29,53,19,0
29,54,19,0
29,55,19,0
29,56,19,0
29,57,19,0
29,58,19,0
29,59,19,0
29,60,19,0
29,61,19,0
29,62,19,0
29,63,19,0
29,64,19,0
29,65,19,0
29,66,19,0
29,67,19,0
29,68,19,0
29,69,19,0
29,70,19,0
29,71,19,0
29,72,19,0
29,73,19,0
29,74,19,0
29,75,19,0
29,76,19,0
29,77,19,0
29,78,19,0
29,79,19,0
29,80,19,0
29,81,19,0
29,82,19,0
29,83,19,0
29,84,19,0
29,85,19,0
29,86,19,0
29,87,19,0
29,88,19,0
29,89,19,0
29,90,19,0
29,91,19,0
29,92,19,1
29,93,19,0
29,94,19,0
29,95,19,0
29,96,19,0
29,97,19,0
29,98,19,0
29,99,19,0
29,100,19,0
29,101,19,1
29,102,19,0
29,103,19,0
29,104,19,0
29,105,19,0
29,106,19,0
29,107,19,0
29,108,19,0
29,109,19,0
29,110,19,0
29,111,19,0
29,0,20,0
29,1,20,0
29,2,20,0
29,3,20,0
29,4,20,0
29,5,20,0
29,6,20,0
29,7,20,0
29,8,20,0
29,9,20,0
29,10,20,0
29,11,20,0
29,12,20,0
29,13,20,0
29,14,20,1
29,15,20,0
29,16,20,0
29,17,20,0
29,18,20,0
29,19,20,0
29,20,20,0
29,21,20,0
29,22,20,0
29,23,20,0
29,24,20,0
29,25,20,0
29,26,20,0
29,27,20,0
29,28,20,0
29,29,20,0
29,30,20,0
29,31,20,0
29,32,20,0
29,33,20,0
29,34,20,0
29,35,20,0
29,36,20,0
29,37,20,0
29,38,20,0
29,39,20,0
29,40,20,0
29,41,20,0
29,42,20,0
29,43,20,0
29,44,20,0
29,45,20,0
29,46,20,0
29,47,20,0
29,48,20,0
29,49,20,0
29,50,20,0
29,51,20,0
29,52,20,0
29,53,20,0
29,54,20,0
29,55,20,0
29,56,20,0
29,57,20,0
29,58,20,0
29,59,20,0
29,60,20,0
29,61,20,0
29,62,20,0
29,63,20,0
29,64,20,0
29,65,20,0
29,66,20,0
29,67,20,0
29,68,20,0
29,69,20,0
29,70,20,0
29,71,20,0
29,72,20,0
29,73,20,0
29,74,20,0
29,75,20,0
29,76,20,0
29,77,20,0
29,78,20,0
29,79,20,0
29,80,20,0
29,81,20,0
29,82,20,0
29,83,20,0
29,84,20,0
29,85,20,1
29,86,20,0
29,87,20,0
29,88,20,0
29,89,20,0
29,90,20,0
29,91,20,0
29,92,20,0
29,93,20,0
29,94,20,0
29,95,20,0
29,96,20,0
29,97,20,0
29,98,20,0
29,99,20,0
29,100,20,0
29,101,20,0
29,102,20,0
29,103,20,0
29,104,20,0
29,105,20,0
29,106,20,0
29,107,20,0
29,108,20,0
29,109,20,0
29,110,20,0
29,111,20,0
29,0,21,0
29,1,21,0
29,2,21,0
29,3,21,0
29,4,21,0
29,5,21,0
29,6,21,0
29,7,21,0
29,8,21,0
29,9,21,0
29,10,21,0
29,11,21,0
29,12,21,0
29,13,21,0
29,14,21,0
29,15,21,0
29,16,21,0
29,17,21,0
29,18,21,0
29,19,21,0
29,20,21,1
29,21,21,0
29,22,21,0
29,23,21,0
29,24,21,0
29,25,21,0
29,26,21,0
29,27,21,0
29,28,21,0
29,29,21,0
29,30,21,0
29,31,21,0
29,32,21,0
29,33,21,0
29,34,21,0
29,35,21,0
29,36,21,0
29,37,21,0
29,38,21,0
29,39,21,0
29,40,21,0
29,41,21,0
29,42,21,0
29,43,21,0
29,44,21,0
29,45,21,0
29,46,21,0
29,47,21,0
29,48,21,0
29,49,21,0
29,50,21,0
29,51,21,0
29,52,21,0
29,53,21,0
29,54,21,0
29,55,21,0
29,56,21,0
29,57,21,0
29,58,21,0
29,59,21,0
29,60,21,0
29,61,21,0
29,62,21,0
29,63,21,0
29,64,21,0
29,65,21,0
29,66,21,0
29,67,21,0
29,68,21,0
29,69,21,0
29,70,21,0
29,71,21,0
29,72,21,0
29,73,21,0
29,74,21,0
29,75,21,0
29,76,21,0
29,77,21,0
29,78,21,0
29,79,21,0
29,80,21,0
29,81,21,0
29,82,21,0
29,83,21,0
29,84,21,0
29,85,21,0
29,86,21,0
29,87,21,0
29,88,21,0
29,89,21,0
29,90,21,0
29,91,21,0
29,92,21,0
29,93,21,0
29,94,21,0
29,95,21,0
29,96,21,0
29,97,21,0
29,98,21,0
29,99,21,0
29,100,21,0
29,101,21,0
29,102,21,0
29,103,21,0
29,104,21,0
29,105,21,0
29,106,21,0
29,107,21,0
29,108,21,0
29,109,21,0
29,110,21,0
29,111,21,0
29,0,22,0
29,1,22,0
29,2,22,0
29,3,22,0
29,4,22,0
29,5,22,0
29,6,22,0
29,7,22,0
29,8,22,0
29,9,22,0
29,10,22,0
29,11,22,0
29,12,22,0
29,13,22,0
29,14,22,0
29,15,22,0
29,16,22,0
29,17,22,0
29,18,22,1
29,19,22,0
29,20,22,0
29,21,22,0
29,22,22,0
29,23,22,0
29,24,22,0
29,25,22,0
29,26,22,0
29,27,22,0
29,28,22,1
29,29,22,0
29,30,22,0
29,31,22,0
29,32,22,0
29,33,22,0
29,34,22,0
29,35,22,0
29,36,22,0
29,37,22,0
29,38,22,1
29,39,22,0
29,40,22,0
29,41,22,0
29,42,22,0
29,43,22,0
29,44,22,0
29,45,22,0
29,46,22,0
29,47,22,0
29,48,22,0
29,49,22,0
29,50,22,0
29,51,22,0
29,52,22,0
29,53,22,0
29,54,22,0
29,55,22,0
29,56,22,0
29,57,22,0
29,58,22,0
29,59,22,0
29,60,22,1
29,61,22,0
29,62,22,0
29,63,22,0
29,64,22,0
29,65,22,0
29,66,22,0
29,67,22,0
29,68,22,0
29,69,22,0
29,70,22,0
29,71,22,0
29,72,22,0
29,73,22,1
29,74,22,0
29,75,22,0
29,76,22,0
29,77,22,0
29,78,22,0
29,79,22,0
29,80,22,0
29,81,22,0
29,82,22,0
29,83,22,0
29,84,22,0
29,85,22,0
29,86,22,0
29,87,22,0
29,88,22,0
29,89,22,0
29,90,22,0
29,91,22,0
29,92,22,0
29,93,22,0
29,94,22,0
29,95,22,0
29,96,22,0
29,97,22,0
29,98,22,0
29,99,22,0
29,100,22,0
29,101,22,0
29,102,22,0
29,103,22,0
29,104,22,0
29,105,22,0
29,106,22,0
29,107,22,0
29,108,22,0
29,109,22,0
29,110,22,0
29,111,22,0
29,0,23,0
29,1,23,0
29,2,23,0
29,3,23,0
29,4,23,0
29,5,23,0
29,6,23,0
29,7,23,0
29,8,23,0
29,9,23,0
29,10,23,0
29,11,23,0
29,12,23,0
29,13,23,0
29,14,23,1
29,15,23,0
29,16,23,0
29,17,23,0
29,18,23,0
29,19,23,0
29,20,23,0
29,21,23,0
29,22,23,0
29,23,23,0
29,24,23,0
29,25,23,0
29,26,23,0
29,27,23,0
29,28,23,0
29,29,23,0
29,30,23,0
29,31,23,0
29,32,23,0
29,33,23,0
29,34,23,0
29,35,23,0
29,36,23,0
29,37,23,0
29,38,23,0
29,39,23,0
29,40,23,0
29,41,23,0
29,42,23,0
29,43,23,0
29,44,23,0
29,45,23,0
29,46,23,0
29,47,23,0
29,48,23,0
29,49,23,0
29,50,23,0
29,51,23,0
29,52,23,0
29,53,23,0
29,54,23,0
29,55,23,0
29,56,23,0
29,57,23,0
29,58,23,0
29,59,23,0
29,60,23,0
29,61,23,0
29,62,23,0
29,63,23,0
29,64,23,0
29,65,23,0
29,66,23,0
29,67,23,0
29,68,23,0
29,69,23,0
29,70,23,0
29,71,23,0
29,72,23,0
29,73,23,0
29,74,23,0
29,75,23,0
29,76,23,0
29,77,23,0
29,78,23,0
29,79,23,0
29,80,23,0
29,81,23,0
29,82,23,0
29,83,23,0
29,84,23,0
29,85,23,0
29,86,23,0
29,87,23,0
29,88,23,0
29,89,23,0
29,90,23,0
29,91,23,0
29,92,23,0
29,93,23,0
29,94,23,0
29,95,23,0
29,96,23,0
29,97,23,0
29,98,23,0
29,99,23,0
29,100,23,0
29,101,23,0
29,102,23,0
29,103,23,0
29,104,23,0
29,105,23,0
29,106,23,0
29,107,23,0
29,108,23,0
29,109,23,0
29,110,23,0
29,111,23,0
29,0,24,0
29,1,24,0
29,2,24,0
29,3,24,1
29,4,24,0
29,5,24,0
29,6,24,0
29,7,24,0
29,8,24,0
29,9,24,0
29,10,24,0
29,11,24,0
29,12,24,0
29,13,24,0
29,14,24,0
29,15,24,0
29,16,24,0
29,17,24,0
29,18,24,0
29,19,24,0
29,20,24,0
29,21,24,0
29,22,24,0
29,23,24,0
29,24,24,0
29,25,24,0
29,26,24,0
29,27,24,0
29,28,24,0
29,29,24,0
29,30,24,0
29,31,24,0
29,32,24,0
29,33,24,0
29,34,24,0
29,35,24,0
29,36,24,0
29,37,24,0
29,38,24,0
29,39,24,0
29,40,24,0
29,41,24,0
29,42,24,0
29,43,24,0
29,44,24,0
29,45,24,0
29,46,24,0
29,47,24,0
29,48,24,0
29,49,24,0
29,50,24,0
29,51,24,0
29,52,24,0
29,53,24,0
29,54,24,0
29,55,24,0
29,56,24,0
29,57,24,0
29,58,24,0
29,59,24,0
29,60,24,0
29,61,24,0
29,62,24,1
29,63,24,0
29,64,24,0
29,65,24,0
29,66,24,0
29,67,24,0
29,68,24,0
29,69,24,0
29,70,24,0
29,71,24,0
29,72,24,0
29,73,24,0
29,74,24,0
29,75,24,0
29,76,24,0
29,77,24,0
29,78,24,0
29,79,24,0
29,80,24,0
29,81,24,0
29,82,24,0
29,83,24,0
29,84,24,0
29,85,24,0
29,86,24,0
29,87,24,0
29,88,24,0
29,89,24,0
29,90,24,0
29,91,24,0
29,92,24,0
29,93,24,0
29,94,24,0
29,95,24,0
29,96,24,0
29,97,24,0
29,98,24,0
29,99,24,0
29,100,24,0
29,101,24,0
29,102,24,0
29,103,24,0
29,104,24,0
29,105,24,0
29,106,24,0
29,107,24,0
29,108,24,0
29,109,24,0
29,110,24,0
29,111,24,0
29,0,25,0
29,1,25,0
29,2,25,0
29,3,25,0
29,4,25,0
29,5,25,0
29,6,25,0
29,7,25,0
29,8,25,0
29,9,25,0
29,10,25,0
29,11,25,0
29,12,25,0
29,13,25,0
29,14,25,0
29,15,25,0
29,16,25,0
29,17,25,0
29,18,25,0
29,19,25,0
29,20,25,0
29,21,25,0
29,22,25,0
29,23,25,0
29,24,25,0
29,25,25,0
29,26,25,0
29,27,25,0
29,28,25,0
29,29,25,0
29,30,25,0
29,31,25,0
29,32,25,0
29,33,25,0
29,34,25,0
29,35,25,0
29,36,25,0
29,37,25,0
29,38,25,0
29,39,25,0
29,40,25,0
29,41,25,0
29,42,25,0
29,43,25,0
29,44,25,0
29,45,25,0
29,46,25,0
29,47,25,0
29,48,25,0
29,49,25,0
29,50,25,0
29,51,25,0
29,52,25,0
29,53,25,0
29,54,25,0
29,55,25,0
29,56,25,0
29,57,25,0
29,58,25,0
29,59,25,0
29,60,25,0
29,61,25,0
29,62,25,0
29,63,25,0
29,64,25,0
29,65,25,0
29,66,25,0
29,67,25,0
29,68,25,0
29,69,25,0
29,70,25,0
29,71,25,0
29,72,25,0
29,73,25,0
29,74,25,0
29,75,25,0
29,76,25,0
29,77,25,0
29,78,25,0
29,79,25,0
29,80,25,0
29,81,25,0
29,82,25,0
29,83,25,0
29,84,25,0
29,85,25,0
29,86,25,0
29,87,25,0
29,88,25,0
29,89,25,0
29,90,25,0
29,91,25,1
29,92,25,0
29,93,25,0
29,94,25,0
29,95,25,0
29,96,25,0
29,97,25,0
29,98,25,0
29,99,25,0
29,100,25,0
29,101,25,0
29,102,25,0
29,103,25,0
29,104,25,0
29,105,25,0
29,106,25,0
29,107,25,0
29,108,25,0
29,109,25,0
29,110,25,0
29,111,25,0
29,0,26,0
29,1,26,0
29,2,26,0
29,3,26,0
29,4,26,0
29,5,26,0
29,6,26,0
29,7,26,0
29,8,26,0
29,9,26,0
29,10,26,0
29,11,26,0
29,12,26,0
29,13,26,0
29,14,26,0
29,15,26,0
29,16,26,0
29,17,26,0
29,18,26,0
29,19,26,0
29,20,26,0
29,21,26,0
29,22,26,0
29,23,26,0
29,24,26,0
29,25,26,0
29,26,26,0
29,27,26,0
29,28,26,0
29,29,26,0
29,30,26,0
29,31,26,0
29,32,26,0
29,33,26,0
29,34,26,0
29,35,26,0
29,36,26,0
29,37,26,0
29,38,26,0
29,39,26,0
29,40,26,0
29,41,26,0
29,42,26,0
29,43,26,0
29,44,26,0
29,45,26,0
29,46,26,0
29,47,26,0
29,48,26,0
29,49,26,0
29,50,26,0
29,51,26,0
29,52,26,0
29,53,26,0
29,54,26,0
29,55,26,0
29,56,26,0
29,57,26,0
29,58,26,0
29,59,26,0
29,60,26,0
29,61,26,0
29,62,26,0
29,63,26,0
29,64,26,0
29,65,26,0
29,66,26,0
29,67,26,0
29,68,26,0
29,69,26,0
29,70,26,0
29,71,26,0
29,72,26,0
29,73,26,0
29,74,26,0
29,75,26,0
29,76,26,0
29,77,26,0
29,78,26,0
29,79,26,0
29,80,26,0
29,81,26,0
29,82,26,0
29,83,26,0
29,84,26,0
29,85,26,0
29,86,26,1
29,87,26,0
29,88,26,0
29,89,26,0
29,90,26,0
29,91,26,0
29,92,26,0
29,93,26,0
29,94,26,1
29,95,26,0
29,96,26,0
29,97,26,0
29,98,26,0
29,99,26,0
29,100,26,0
29,101,26,0
29,102,26,0
29,103,26,0
29,104,26,0
29,105,26,0
29,106,26,0
29,107,26,0
29,108,26,0
29,109,26,0
29,110,26,0
29,111,26,0
29,0,27,0
29,1,27,0
29,2,27,0
29,3,27,0
29,4,27,0
29,5,27,0
29,6,27,0
29,7,27,0
29,8,27,0
29,9,27,0
29,10,27,0
29,11,27,0
29,12,27,0
29,13,27,0
29,14,27,0
29,15,27,0
29,16,27,0
29,17,27,0
29,18,27,0
29,19,27,0
29,20,27,0
29,21,27,0
29,22,27,0
29,23,27,0
29,24,27,0
29,25,27,0
29,26,27,0
29,27,27,0
29,28,27,0
29,29,27,0
29,30,27,0
29,31,27,0
29,32,27,0
29,33,27,0
29,34,27,0
29,35,27,0
29,36,27,0
29,37,27,0
29,38,27,0
29,39,27,0
29,40,27,0
29,41,27,0
29,42,27,0
29,43,27,0
29,44,27,0
29,45,27,0
29,46,27,0
29,47,27,0
29,48,27,0
29,49,27,0
29,50,27,0
29,51,27,0
29,52,27,0
29,53,27,0
29,54,27,0
29,55,27,0
29,56,27,0
29,57,27,0
29,58,27,1
29,59,27,0
29,60,27,0
29,61,27,0
29,62,27,0
29,63,27,0
29,64,27,0
29,65,27,0
29,66,27,0
29,67,27,0
29,68,27,0
29,69,27,0
29,70,27,0
29,71,27,0
29,72,27,0
29,73,27,0
29,74,27,0
29,75,27,0
29,76,27,0
29,77,27,0
29,78,27,0
29,79,27,0
29,80,27,0
29,81,27,0
29,82,27,1
29,83,27,0
29,84,27,0
29,85,27,0
29,86,27,0
29,87,27,0
29,88,27,0
29,89,27,0
29,90,27,0
29,91,27,0
29,92,27,0
29,93,27,0
29,94,27,0
29,95,27,0
29,96,27,0
29,97,27,0
29,98,27,0
29,99,27,0
29,100,27,0
29,101,27,0
29,102,27,0
29,103,27,0
29,104,27,0
29,105,27,0
29,106,27,0
29,107,27,0
29,108,27,0
29,109,27,0
29,110,27,0
29,111,27,1
29,0,28,0
29,1,28,0
29,2,28,0
29,3,28,0
29,4,28,0
29,5,28,0
29,6,28,0
29,7,28,0
29,8,28,0
29,9,28,0
29,10,28,0
29,11,28,0
29,12,28,0
29,13,28,0
29,14,28,0
29,15,28,1
29,16,28,0
29,17,28,0
29,18,28,0
29,19,28,0
29,20,28,0
29,21,28,0
29,22,28,0
29,23,28,0
29,24,28,0
29,25,28,0
29,26,28,0
29,27,28,0
29,28,28,0
29,29,28,0
29,30,28,0
29,31,28,0
29,32,28,0
29,33,28,0
29,34,28,0
29,35,28,0
29,36,28,0
29,37,28,0
29,38,28,0
29,39,28,0
29,40,28,0
29,41,28,0
29,42,28,0
29,43,28,0
29,44,28,0
29,45,28,0
29,46,28,0
29,47,28,0
29,48,28,0
29,49,28,0
29,50,28,0
29,51,28,0
29,52,28,0
29,53,28,0
29,54,28,0
29,55,28,0
29,56,28,0
29,57,28,0
29,58,28,1
29,59,28,0
29,60,28,0
29,61,28,0
29,62,28,0
29,63,28,0
29,64,28,0
29,65,28,0
29,66,28,0
29,67,28,0
29,68,28,0
29,69,28,0
29,70,28,0
29,71,28,0
29,72,28,0
29,73,28,0
29,74,28,0
29,75,28,0
29,76,28,0
29,77,28,0
29,78,28,0
29,79,28,0
29,80,28,0
29,81,28,0
29,82,28,0
29,83,28,0
29,84,28,0
29,85,28,0
29,86,28,0
29,87,28,0
29,88,28,0
29,89,28,0
29,90,28,0
29,91,28,0
29,92,28,0
29,93,28,0
29,94,28,0
29,95,28,0
29,96,28,0
29,97,28,0
29,98,28,0
29,99,28,0
29,100,28,0
29,101,28,0
29,102,28,0
29,103,28,0
29,104,28,0
29,105,28,0
29,106,28,0
29,107,28,0
29,108,28,0
29,109,28,0
29,110,28,0
29,111,28,0
29,0,29,0
29,1,29,0
29,2,29,0
29,3,29,0
29,4,29,0
29,5,29,0
29,6,29,0
29,7,29,0
29,8,29,0
29,9,29,0
29,10,29,0
29,11,29,0
29,12,29,0
29,13,29,0
29,14,29,0
29,15,29,0
29,16,29,0
29,17,29,0
29,18,29,0
29,19,29,0
29,20,29,0
29,21,29,0
29,22,29,0
29,23,29,0
29,24,29,0
29,25,29,0
29,26,29,0
29,27,29,0
29,28,29,0
29,29,29,0
29,30,29,0
29,31,29,0
29,32,29,0
29,33,29,0
29,34,29,0
29,35,29,0
29,36,29,0
29,37,29,0
29,38,29,0
29,39,29,0
29,40,29,0
29,41,29,0
29,42,29,0
29,43,29,0
29,44,29,0
29,45,29,0
29,46,29,0
29,47,29,0
29,48,29,0
29,49,29,0
29,50,29,0
29,51,29,0
29,52,29,0
29,53,29,0
29,54,29,0
29,55,29,0
29,56,29,0
29,57,29,1
29,58,29,0
29,59,29,0
29,60,29,0
29,61,29,0
29,62,29,0
29,63,29,0
29,64,29,0
29,65,29,0
29,66,29,0
29,67,29,0
29,68,29,0
29,69,29,0
29,70,29,0
29,71,29,0
29,72,29,0
29,73,29,0
29,74,29,0
29,75,29,0
29,76,29,0
29,77,29,0
29,78,29,0
29,79,29,0
29,80,29,0
29,81,29,0
29,82,29,0
29,83,29,0
29,84,29,0
29,85,29,0
29,86,29,0
29,87,29,0
29,88,29,0
29,89,29,0
29,90,29,0
29,91,29,0
29,92,29,0
29,93,29,0
29,94,29,0
29,95,29,0
29,96,29,0
29,97,29,0
29,98,29,0
29,99,29,0
29,100,29,0
29,101,29,0
29,102,29,0
29,103,29,0
29,104,29,0
29,105,29,0
29,106,29,0
29,107,29,0
29,108,29,0
29,109,29,0
29,110,29,0
29,111,29,1
29,0,30,0
29,1,30,0
29,2,30,0
29,3,30,0
29,4,30,0
29,5,30,0
29,6,30,0
29,7,30,0
29,8,30,0
29,9,30,0
29,10,30,0
29,11,30,0
29,12,30,0
29,13,30,0
29,14,30,0
29,15,30,0
29,16,30,0
29,17,30,0
29,18,30,0
29,19,30,0
29,20,30,0
29,21,30,0
29,22,30,0
29,23,30,0
29,24,30,0
29,25,30,0
29,26,30,0
29,27,30,0
29,28,30,0
29,29,30,0
29,30,30,0
29,31,30,0
29,32,30,0
29,33,30,0
29,34,30,0
29,35,30,0
29,36,30,0
29,37,30,0
29,38,30,0
29,39,30,0
29,40,30,0
29,41,30,0
29,42,30,1
29,43,30,0
29,44,30,0
29,45,30,0
29,46,30,0
29,47,30,0
29,48,30,0
29,49,30,0
29,50,30,0
29,51,30,0
29,52,30,0
29,53,30,0
29,54,30,0
29,55,30,0
29,56,30,0
29,57,30,0
29,58,30,0
29,59,30,0
29,60,30,0
29,61,30,0
29,62,30,0
29,63,30,0
29,64,30,0
29,65,30,0
29,66,30,0
29,67,30,0
29,68,30,0
29,69,30,0
29,70,30,0
29,71,30,0
29,72,30,0
29,73,30,0
29,74,30,0
29,75,30,0
29,76,30,0
29,77,30,0
29,78,30,0
29,79,30,0
29,80,30,0
29,81,30,0
29,82,30,0
29,83,30,0
29,84,30,0
29,85,30,0
29,86,30,0
29,87,30,0
29,88,30,0
29,89,30,0
29,90,30,0
29,91,30,0
29,92,30,0
29,93,30,0
29,94,30,0
29,95,30,0
29,96,30,0
29,97,30,0
29,98,30,0
29,99,30,0
29,100,30,0
29,101,30,0
29,102,30,0
29,103,30,0
29,104,30,0
29,105,30,0
29,106,30,0
29,107,30,0
29,108,30,0
29,109,30,0
29,110,30,0
29,111,30,0
29,0,31,0
29,1,31,0
29,2,31,0
29,3,31,0
29,4,31,0
29,5,31,0
29,6,31,0
29,7,31,0
29,8,31,0
29,9,31,0
29,10,31,0
29,11,31,0
29,12,31,0
29,13,31,0
29,14,31,0
29,15,31,0
29,16,31,0
29,17,31,0
29,18,31,0
29,19,31,0
29,20,31,0
29,21,31,0
29,22,31,0
29,23,31,0
29,24,31,0
29,25,31,0
29,26,31,0
29,27,31,0
29,28,31,0
29,29,31,0
29,30,31,0
29,31,31,0
29,32,31,0
29,33,31,0
29,34,31,0
29,35,31,0
29,36,31,0
29,37,31,0
29,38,31,0
29,39,31,0
29,40,31,0
29,41,31,0
29,42,31,0
29,43,31,0
29,44,31,0
29,45,31,0
29,46,31,0
29,47,31,0
29,48,31,0
29,49,31,0
29,50,31,0
29,51,31,0
29,52,31,0
29,53,31,0
29,54,31,1
29,55,31,1
29,56,31,0
29,57,31,0
29,58,31,0
29,59,31,0
29,60,31,0
29,61,31,0
29,62,31,0
29,63,31,0
29,64,31,0
29,65,31,0
29,66,31,0
29,67,31,0
29,68,31,0
29,69,31,0
29,70,31,0
29,71,31,0
29,72,31,0
29,73,31,0
29,74,31,0
29,75,31,0
29,76,31,0
29,77,31,0
29,78,31,0
29,79,31,0
29,80,31,0
29,81,31,0
29,82,31,0
29,83,31,0
29,84,31,0
29,85,31,0
29,86,31,0
29,87,31,0
29,88,31,0
29,89,31,0
29,90,31,0
29,91,31,0
29,92,31,0
29,93,31,0
29,94,31,0
29,95,31,0
29,96,31,0
29,97,31,0
29,98,31,0
29,99,31,0
29,100,31,0
29,101,31,0
29,102,31,0
29,103,31,0
29,104,31,0
29,105,31,0
29,106,31,0
29,107,31,0
29,108,31,0
29,109,31,1
29,110,31,0
29,111,31,0
29,0,32,0
29,1,32,0
29,2,32,0
29,3,32,0
29,4,32,0
29,5,32,0
29,6,32,0
29,7,32,0
29,8,32,0
29,9,32,0
29,10,32,0
29,11,32,0
29,12,32,0
29,13,32,0
29,14,32,0
29,15,32,0
29,16,32,0
29,17,32,0
29,18,32,0
29,19,32,0
29,20,32,0
29,21,32,0
29,22,32,0
29,23,32,0
29,24,32,0
29,25,32,0
29,26,32,0
29,27,32,0
29,28,32,0
29,29,32,0
29,30,32,1
29,31,32,0
29,32,32,0
29,33,32,0
29,34,32,0
29,35,32,0
29,36,32,0
29,37,32,0
29,38,32,0
29,39,32,0
29,40,32,0
29,41,32,0
29,42,32,0
29,43,32,0
29,44,32,0
29,45,32,0
29,46,32,0
29,47,32,0
29,48,32,0
29,49,32,0
29,50,32,0
29,51,32,0
29,52,32,0
29,53,32,0
29,54,32,0
29,55,32,0
29,56,32,0
29,57,32,0
29,58,32,0
29,59,32,0
29,60,32,0
29,61,32,0
29,62,32,0
29,63,32,0
29,64,32,0
29,65,32,0
29,66,32,0
29,67,32,0
29,68,32,0
29,69,32,0
29,70,32,0
29,71,32,0
29,72,32,0
29,73,32,1
29,74,32,0
29,75,32,0
29,76,32,0
29,77,32,0
29,78,32,0
29,79,32,0
29,80,32,0
29,81,32,0
29,82,32,0
29,83,32,0
29,84,32,0
29,85,32,0
29,86,32,0
29,87,32,0
29,88,32,0
29,89,32,0
29,90,32,0
29,91,32,0
29,92,32,0
29,93,32,0
29,94,32,0
29,95,32,0
29,96,32,0
29,97,32,0
29,98,32,0
29,99,32,0
29,100,32,0
29,101,32,0
29,102,32,0
29,103,32,0
29,104,32,0
29,105,32,0
29,106,32,0
29,107,32,0
29,108,32,0
29,109,32,0
29,110,32,1
29,111,32,0
29,0,33,0
29,1,33,0
29,2,33,0
29,3,33,0
29,4,33,0
29,5,33,0
29,6,33,0
29,7,33,0
29,8,33,0
29,9,33,0
29,10,33,0
29,11,33,0
29,12,33,0
29,13,33,0
29,14,33,0
29,15,33,0
29,16,33,0
29,17,33,0
29,18,33,0
29,19,33,0
29,20,33,1
29,21,33,0
29,22,33,0
29,23,33,0
29,24,33,0
29,25,33,0
29,26,33,0
29,27,33,0
29,28,33,0
29,29,33,0
29,30,33,0
29,31,33,0
29,32,33,0
29,33,33,0
29,34,33,0
29,35,33,0
29,36,33,0
29,37,33,0
29,38,33,0
29,39,33,0
29,40,33,0
29,41,33,0
29,42,33,0
29,43,33,0
29,44,33,0
29,45,33,0
29,46,33,0
29,47,33,0
29,48,33,0
29,49,33,0
29,50,33,0
29,51,33,0
29,52,33,0
29,53,33,0
29,54,33,0
29,55,33,0
29,56,33,0
29,57,33,0
29,58,33,0
29,59,33,0
29,60,33,0
29,61,33,0
29,62,33,0
29,63,33,0
29,64,33,0
29,65,33,0
29,66,33,0
29,67,33,0
29,68,33,0
29,69,33,0
29,70,33,0
29,71,33,0
29,72,33,0
29,73,33,0
29,74,33,0
29,75,33,0
29,76,33,0
29,77,33,0
29,78,33,0
29,79,33,0
29,80,33,0
29,81,33,0
29,82,33,0
29,83,33,0
29,84,33,0
29,85,33,0
29,86,33,0
29,87,33,0
29,88,33,0
29,89,33,0
29,90,33,0
29,91,33,0
29,92,33,0
29,93,33,0
29,94,33,0
29,95,33,0
29,96,33,1
29,97,33,0
29,98,33,1
29,99,33,0
29,100,33,0
29,101,33,0
29,102,33,1
29,103,33,0
29,104,33,0
29,105,33,0
29,106,33,0
29,107,33,0
29,108,33,0
29,109,33,0
29,110,33,0
29,111,33,0
29,0,34,1
29,1,34,0
29,2,34,0
29,3,34,0
29,4,34,0
29,5,34,0
29,6,34,0
29,7,34,0
29,8,34,0
29,9,34,0
29,10,34,0
29,11,34,0
29,12,34,0
29,13,34,0
29,14,34,0
29,15,34,0
29,16,34,0
29,17,34,0
29,18,34,0
29,19,34,0
29,20,34,0
29,21,34,0
29,22,34,0
29,23,34,0
29,24,34,0
29,25,34,0
29,26,34,0
29,27,34,0
29,28,34,0
29,29,34,0
29,30,34,0
29,31,34,0
29,32,34,0
29,33,34,0
29,34,34,0
29,35,34,0
29,36,34,0
29,37,34,0
29,38,34,0
29,39,34,0
29,40,34,0
29,41,34,0
29,42,34,0
29,43,34,0
29,44,34,1
29,45,34,0
29,46,34,0
29,47,34,0
29,48,34,0
29,49,34,0
29,50,34,0
29,51,34,0
29,52,34,1
29,53,34,0
29,54,34,0
29,55,34,0
29,56,34,0
29,57,34,0
29,58,34,0
29,59,34,0
29,60,34,0
29,61,34,0
29,62,34,0
29,63,34,0
29,64,34,0
29,65,34,0
29,66,34,0
29,67,34,0
29,68,34,0
29,69,34,0
29,70,34,0
29,71,34,0
29,72,34,0
29,73,34,0
29,74,34,0
29,75,34,0
29,76,34,0
29,77,34,0
29,78,34,0
29,79,34,0
29,80,34,0
29,81,34,0
29,82,34,0
29,83,34,0
29,84,34,0
29,85,34,0
29,86,34,0
29,87,34,0
29,88,34,0
29,89,34,1
29,90,34,0
29,91,34,0
29,92,34,0
29,93,34,0
29,94,34,0
29,95,34,0
29,96,34,0
29,97,34,0
29,98,34,0
29,99,34,0
29,100,34,0
29,101,34,0
29,102,34,0
29,103,34,0
29,104,34,0
29,105,34,0
29,106,34,0
29,107,34,0
29,108,34,0
29,109,34,0
29,110,34,0
29,111,34,0
29,0,35,0
29,1,35,0
29,2,35,0
29,3,35,0
29,4,35,0
29,5,35,0
29,6,35,0
29,7,35,0
29,8,35,0
29,9,35,0
29,10,35,0
29,11,35,0
29,12,35,0
29,13,35,0
29,14,35,0
29,15,35,0
29,16,35,0
29,17,35,0
29,18,35,0
29,19,35,0
29,20,35,0
29,21,35,0
29,22,35,0
29,23,35,0
29,24,35,0
29,25,35,0
29,26,35,0
29,27,35,0
29,28,35,0
29,29,35,0
29,30,35,0
29,31,35,0
29,32,35,0
29,33,35,0
29,34,35,0
29,35,35,0
29,36,35,0
29,37,35,0
29,38,35,0
29,39,35,0
29,40,35,0
29,41,35,0
29,42,35,0
29,43,35,0
29,44,35,0
29,45,35,1
29,46,35,0
29,47,35,0
29,48,35,0
29,49,35,0
29,50,35,0
29,51,35,0
29,52,35,0
29,53,35,0
29,54,35,0
29,55,35,0
29,56,35,0
29,57,35,0
29,58,35,0
29,59,35,0
29,60,35,0
29,61,35,0
29,62,35,0
29,63,35,0
29,64,35,0
29,65,35,0
29,66,35,0
29,67,35,0
29,68,35,0
29,69,35,0
29,70,35,0
29,71,35,0
29,72,35,0
29,73,35,1
29,74,35,0
29,75,35,0
29,76,35,0
29,77,35,0
29,78,35,0
29,79,35,0
29,80,35,0
29,81,35,0
29,82,35,0
29,83,35,1
29,84,35,0
29,85,35,0
29,86,35,0
29,87,35,0
29,88,35,0
29,89,35,0
29,90,35,0
29,91,35,0
29,92,35,0
29,93,35,0
29,94,35,0
29,95,35,0
29,96,35,0
29,97,35,0
29,98,35,1
29,99,35,0
29,100,35,0
29,101,35,0
29,102,35,0
29,103,35,0
29,104,35,0
29,105,35,0
29,106,35,0
29,107,35,0
29,108,35,0
29,109,35,0
29,110,35,0
29,111,35,0
29,0,36,0
29,1,36,0
29,2,36,0
29,3,36,0
29,4,36,0
29,5,36,0
29,6,36,0
29,7,36,0
29,8,36,0
29,9,36,0
29,10,36,0
29,11,36,0
29,12,36,0
29,13,36,0
29,14,36,0
29,15,36,0
29,16,36,0
29,17,36,0
29,18,36,0
29,19,36,0
29,20,36,0
29,21,36,0
29,22,36,0
29,23,36,0
29,24,36,0
29,25,36,0
29,26,36,0
29,27,36,0
29,28,36,0
29,29,36,0
29,30,36,0
29,31,36,0
29,32,36,0
29,33,36,0
29,34,36,0
29,35,36,0
29,36,36,0
29,37,36,0
29,38,36,0
29,39,36,0
29,40,36,0
29,41,36,0
29,42,36,0
29,43,36,0
29,44,36,0
29,45,36,0
29,46,36,0
29,47,36,0
29,48,36,0
29,49,36,0
29,50,36,0
29,51,36,0
29,52,36,0
29,53,36,0
29,54,36,0
29,55,36,0
29,56,36,0
29,57,36,0
29,58,36,0
29,59,36,0
29,60,36,0
29,61,36,0
29,62,36,0
29,63,36,0
29,64,36,0
29,65,36,0
29,66,36,0
29,67,36,0
29,68,36,0
29,69,36,0
29,70,36,0
29,71,36,0
29,72,36,0
29,73,36,0
29,74,36,0
29,75,36,0
29,76,36,0
29,77,36,0
29,78,36,0
29,79,36,0
29,80,36,0
29,81,36,0
29,82,36,0
29,83,36,0
29,84,36,0
29,85,36,0
29,86,36,0
29,87,36,0
29,88,36,0
29,89,36,0
29,90,36,0
29,91,36,0
29,92,36,0
29,93,36,0
29,94,36,0
29,95,36,0
29,96,36,0
29,97,36,0
29,98,36,0
29,99,36,0
29,100,36,0
29,101,36,0
29,102,36,0
29,103,36,0
29,104,36,0
29,105,36,0
29,106,36,0
29,107,36,0
29,108,36,0
29,109,36,0
29,110,36,0
29,111,36,1
29,0,37,0
29,1,37,0
29,2,37,0
29,3,37,0
29,4,37,0
29,5,37,0
29,6,37,0
29,7,37,0
29,8,37,0
29,9,37,0
29,10,37,0
29,11,37,0
29,12,37,0
29,13,37,0
29,14,37,0
29,15,37,0
29,16,37,0
29,17,37,0
29,18,37,0
29,19,37,0
29,20,37,0
29,21,37,0
29,22,37,0
29,23,37,0
29,24,37,0
29,25,37,0
29,26,37,0
29,27,37,0
29,28,37,0
29,29,37,0
29,30,37,0
29,31,37,0
29,32,37,0
29,33,37,0
29,34,37,0
29,35,37,0
29,36,37,0
29,37,37,0
29,38,37,0
29,39,37,0
29,40,37,0
29,41,37,0
29,42,37,0
29,43,37,0
29,44,37,0
29,45,37,0
29,46,37,0
29,47,37,0
29,48,37,1
29,49,37,0
29,50,37,1
29,51,37,0
29,52,37,0
29,53,37,0
29,54,37,0
29,55,37,0
29,56,37,0
29,57,37,0
29,58,37,0
29,59,37,0
29,60,37,0
29,61,37,0
29,62,37,0
29,63,37,0
29,64,37,0
29,65,37,0
29,66,37,0
29,67,37,0
29,68,37,0
29,69,37,0
29,70,37,0
29,71,37,0
29,72,37,0
29,73,37,0
29,74,37,0
29,75,37,0
29,76,37,0
29,77,37,0
29,78,37,0
29,79,37,0
29,80,37,0
29,81,37,0
29,82,37,0
29,83,37,0
29,84,37,0
29,85,37,0
29,86,37,0
29,87,37,0
29,88,37,0
29,89,37,0
29,90,37,0
29,91,37,0
29,92,37,0
29,93,37,0
29,94,37,0
29,95,37,0
29,96,37,0
29,97,37,0
29,98,37,0
29,99,37,0
29,100,37,0
29,101,37,0
29,102,37,0
29,103,37,0
29,104,37,0
29,105,37,0
29,106,37,0
29,107,37,0
29,108,37,0
29,109,37,0
29,110,37,0
29,111,37,0
29,0,38,0
29,1,38,0
29,2,38,0
29,3,38,0
29,4,38,0
29,5,38,0
29,6,38,0
29,7,38,0
29,8,38,0
29,9,38,0
29,10,38,0
29,11,38,0
29,12,38,0
29,13,38,0
29,14,38,0
29,15,38,0
29,16,38,0
29,17,38,0
29,18,38,0
29,19,38,0
29,20,38,0
29,21,38,0
29,22,38,0
29,23,38,0
29,24,38,0
29,25,38,0
29,26,38,0
29,27,38,0
29,28,38,0
29,29,38,0
29,30,38,0
29,31,38,0
29,32,38,0
29,33,38,0
29,34,38,0
29,35,38,0
29,36,38,0
29,37,38,0
29,38,38,0
29,39,38,0
29,40,38,0
29,41,38,0
29,42,38,0
29,43,38,0
29,44,38,1
29,45,38,0
29,46,38,0
29,47,38,0
29,48,38,0
29,49,38,0
29,50,38,0
29,51,38,0
29,52,38,0
29,53,38,1
29,54,38,0
29,55,38,0
29,56,38,0
29,57,38,0
29,58,38,0
29,59,38,0
29,60,38,0
29,61,38,0
29,62,38,0
29,63,38,0
29,64,38,0
29,65,38,0
29,66,38,0
29,67,38,0
29,68,38,0
29,69,38,0
29,70,38,0
29,71,38,0
29,72,38,0
29,73,38,0
29,74,38,0
29,75,38,0
29,76,38,0
29,77,38,0
29,78,38,0
29,79,38,0
29,80,38,0
29,81,38,0
29,82,38,0
29,83,38,0
29,84,38,0
29,85,38,0
29,86,38,0
29,87,38,0
29,88,38,0
29,89,38,0
29,90,38,0
29,91,38,0
29,92,38,0
29,93,38,0
29,94,38,0
29,95,38,0
29,96,38,0
29,97,38,0
29,98,38,0
29,99,38,0
29,100,38,0
29,101,38,0
29,102,38,0
29,103,38,0
29,104,38,0
29,105,38,0
29,106,38,0
29,107,38,0
29,108,38,0
29,109,38,0
29,110,38,0
29,111,38,0
29,0,39,0
29,1,39,0
29,2,39,0
29,3,39,0
29,4,39,0
29,5,39,0
29,6,39,0
29,7,39,0
29,8,39,0
29,9,39,0
29,10,39,0
29,11,39,0
29,12,39,0
29,13,39,0
29,14,39,0
29,15,39,0
29,16,39,0
29,17,39,0
29,18,39,0
29,19,39,0
29,20,39,0
29,21,39,0
29,22,39,0
29,23,39,0
29,24,39,0
29,25,39,0
29,26,39,0
29,27,39,0
29,28,39,0
29,29,39,0
29,30,39,0
29,31,39,0
29,32,39,0
29,33,39,0
29,34,39,0
29,35,39,0
29,36,39,0
29,37,39,0
29,38,39,0
29,39,39,0
29,40,39,0
29,41,39,0
29,42,39,0
29,43,39,0
29,44,39,0
29,45,39,0
29,46,39,0
29,47,39,0
29,48,39,0
29,49,39,0
29,50,39,0
29,51,39,0
29,52,39,0
29,53,39,0
29,54,39,0
29,55,39,0
29,56,39,0
29,57,39,0
29,58,39,0
29,59,39,0
29,60,39,0
29,61,39,0
29,62,39,0
29,63,39,1
29,64,39,1
29,65,39,0
29,66,39,0
29,67,39,0
29,68,39,0
29,69,39,0
29,70,39,0
29,71,39,0
29,72,39,0
29,73,39,0
29,74,39,0
29,75,39,0
29,76,39,0
29,77,39,0
29,78,39,0
29,79,39,0
29,80,39,0
29,81,39,0
29,82,39,0
29,83,39,0
29,84,39,0
29,85,39,0
29,86,39,0
29,87,39,0
29,88,39,0
29,89,39,0
29,90,39,0
29,91,39,0
29,92,39,0
29,93,39,0
29,94,39,0
29,95,39,0
29,96,39,0
29,97,39,0
29,98,39,0
29,99,39,0
29,100,39,0
29,101,39,0
29,102,39,0
29,103,39,0
29,104,39,0
29,105,39,0
29,106,39,0
29,107,39,0
29,108,39,0
29,109,39,0
29,110,39,0
29,111,39,0
29,0,40,0
29,1,40,0
29,2,40,0
29,3,40,0
29,4,40,0
29,5,40,0
29,6,40,0
29,7,40,0
29,8,40,0
29,9,40,0
29,10,40,0
29,11,40,0
29,12,40,0
29,13,40,0
29,14,40,0
29,15,40,0
29,16,40,0
29,17,40,0
29,18,40,0
29,19,40,0
29,20,40,0
29,21,40,0
29,22,40,0
29,23,40,0
29,24,40,0
29,25,40,0
29,26,40,0
29,27,40,0
29,28,40,0
29,29,40,0
29,30,40,0
29,31,40,0
29,32,40,0
29,33,40,0
29,34,40,0
29,35,40,0
29,36,40,0
29,37,40,0
29,38,40,0
29,39,40,0
29,40,40,0
29,41,40,0
29,42,40,0
29,43,40,0
29,44,40,0
29,45,40,0
29,46,40,1
29,47,40,0
29,48,40,0
29,49,40,0
29,50,40,0
29,51,40,0
29,52,40,0
29,53,40,0
29,54,40,0
29,55,40,0
29,56,40,0
29,57,40,0
29,58,40,0
29,59,40,0
29,60,40,0
29,61,40,0
29,62,40,0
29,63,40,0
29,64,40,0
29,65,40,0
29,66,40,0
29,67,40,0
29,68,40,0
29,69,40,0
29,70,40,0
29,71,40,0
29,72,40,0
29,73,40,0
29,74,40,0
29,75,40,0
29,76,40,0
29,77,40,0
29,78,40,0
29,79,40,0
29,80,40,0
29,81,40,0
29,82,40,0
29,83,40,0
29,84,40,0
29,85,40,0
29,86,40,0
29,87,40,0
29,88,40,0
29,89,40,0
29,90,40,0
29,91,40,0
29,92,40,0
29,93,40,0
29,94,40,0
29,95,40,0
29,96,40,0
29,97,40,0
29,98,40,0
29,99,40,0
29,100,40,0
29,101,40,0
29,102,40,0
29,103,40,0
29,104,40,0
29,105,40,0
29,106,40,0
29,107,40,0
29,108,40,0
29,109,40,0
29,110,40,0
29,111,40,0
29,0,41,0
29,1,41,0
29,2,41,0
29,3,41,0
29,4,41,0
29,5,41,0
29,6,41,0
29,7,41,0
29,8,41,0
29,9,41,0
29,10,41,0
29,11,41,0
29,12,41,0
29,13,41,0
29,14,41,0
29,15,41,0
29,16,41,0
29,17,41,0
29,18,41,0
29,19,41,0
29,20,41,0
29,21,41,0
29,22,41,0
29,23,41,0
29,24,41,0
29,25,41,0
29,26,41,0
29,27,41,0
29,28,41,0
29,29,41,0
29,30,41,0
29,31,41,0
29,32,41,0
29,33,41,0
29,34,41,0
29,35,41,0
29,36,41,0
29,37,41,0
29,38,41,0
29,39,41,0
29,40,41,0
29,41,41,0
29,42,41,0
29,43,41,0
29,44,41,0
29,45,41,0
29,46,41,0
29,47,41,0
29,48,41,1
29,49,41,0
29,50,41,1
29,51,41,0
29,52,41,0
29,53,41,0
29,54,41,0
29,55,41,0
29,56,41,1
29,57,41,0
29,58,41,0
29,59,41,0
29,60,41,0
29,61,41,0
29,62,41,0
29,63,41,0
29,64,41,0
29,65,41,0
29,66,41,0
29,67,41,0
29,68,41,0
29,69,41,0
29,70,41,0
29,71,41,0
29,72,41,0
29,73,41,0
29,74,41,0
29,75,41,0
29,76,41,1
29,77,41,0
29,78,41,0
29,79,41,0
29,80,41,0
29,81,41,0
29,82,41,0
29,83,41,0
29,84,41,0
29,85,41,0
29,86,41,0
29,87,41,0
29,88,41,0
29,89,41,0
29,90,41,0
29,91,41,0
29,92,41,0
29,93,41,0
29,94,41,0
29,95,41,0
29,96,41,0
29,97,41,0
29,98,41,0
29,99,41,0
29,100,41,0
29,101,41,0
29,102,41,0
29,103,41,0
29,104,41,0
29,105,41,0
29,106,41,0
29,107,41,0
29,108,41,0
29,109,41,0
29,110,41,0
29,111,41,0
29,0,42,0
29,1,42,0
29,2,42,0
29,3,42,0
29,4,42,0
29,5,42,0
29,6,42,1
29,7,42,0
29,8,42,0
29,9,42,0
29,10,42,0
29,11,42,0
29,12,42,0
29,13,42,0
29,14,42,0
29,15,42,0
29,16,42,0
29,17,42,0
29,18,42,0
29,19,42,0
29,20,42,0
29,21,42,0
29,22,42,0
29,23,42,0
29,24,42,0
29,25,42,0
29,26,42,0
29,27,42,0
29,28,42,0
29,29,42,0
29,30,42,0
29,31,42,0
29,32,42,0
29,33,42,0
29,34,42,0
29,35,42,0
29,36,42,0
29,37,42,0
29,38,42,0
29,39,42,0
29,40,42,0
29,41,42,0
29,42,42,0
29,43,42,0
29,44,42,0
29,45,42,0
29,46,42,0
29,47,42,0
29,48,42,0
29,49,42,0
29,50,42,0
29,51,42,0
29,52,42,0
29,53,42,0
29,54,42,0
29,55,42,0
29,56,42,0
29,57,42,0
29,58,42,0
29,59,42,0
29,60,42,1
29,61,42,0
29,62,42,0
29,63,42,1
29,64,42,0
29,65,42,0
29,66,42,0
29,67,42,0
29,68,42,0
29,69,42,0
29,70,42,0
29,71,42,0
29,72,42,0
29,73,42,0
29,74,42,0
29,75,42,0
29,76,42,0
29,77,42,0
29,78,42,0
29,79,42,0
29,80,42,0
29,81,42,0
29,82,42,0
29,83,42,0
29,84,42,0
29,85,42,0
29,86,42,0
29,87,42,0
29,88,42,0
29,89,42,0
29,90,42,0
29,91,42,0
29,92,42,0
29,93,42,0
29,94,42,0
29,95,42,0
29,96,42,0
29,97,42,0
29,98,42,0
29,99,42,0
29,100,42,0
29,101,42,0
29,102,42,0
29,103,42,0
29,104,42,0
29,105,42,0
29,106,42,0
29,107,42,0
29,108,42,0
29,109,42,0
29,110,42,0
29,111,42,0
29,0,43,0
29,1,43,0
29,2,43,0
29,3,43,0
29,4,43,0
29,5,43,0
29,6,43,0
29,7,43,0
29,8,43,0
29,9,43,0
29,10,43,0
29,11,43,0
29,12,43,0
29,13,43,0
29,14,43,0
29,15,43,0
29,16,43,0
29,17,43,0
29,18,43,0
29,19,43,0
29,20,43,0
29,21,43,0
29,22,43,0
29,23,43,0
29,24,43,0
29,25,43,0
29,26,43,0
29,27,43,0
29,28,43,0
29,29,43,0
29,30,43,0
29,31,43,0
29,32,43,0
29,33,43,0
29,34,43,0
29,35,43,0
29,36,43,0
29,37,43,0
29,38,43,0
29,39,43,0
29,40,43,0
29,41,43,0
29,42,43,0
29,43,43,0
29,44,43,0
29,45,43,0
29,46,43,0
29,47,43,0
29,48,43,0
29,49,43,1
29,50,43,0
29,51,43,0
29,52,43,0
29,53,43,0
29,54,43,0
29,55,43,0
29,56,43,0
29,57,43,0
29,58,43,0
29,59,43,1
29,60,43,0
29,61,43,0
29,62,43,0
29,63,43,0
29,64,43,0
29,65,43,0
29,66,43,1
29,67,43,0
29,68,43,0
29,69,43,0
29,70,43,0
29,71,43,0
29,72,43,0
29,73,43,0
29,74,43,0
29,75,43,0
29,76,43,0
29,77,43,0
29,78,43,0
29,79,43,0
29,80,43,0
29,81,43,0
29,82,43,0
29,83,43,0
29,84,43,0
29,85,43,1
29,86,43,0
29,87,43,0
29,88,43,0
29,89,43,0
29,90,43,0
29,91,43,0
29,92,43,0
29,93,43,0
29,94,43,0
29,95,43,0
29,96,43,0
29,97,43,0
29,98,43,0
29,99,43,0
29,100,43,0
29,101,43,0
29,102,43,0
29,103,43,0
29,104,43,0
29,105,43,0
29,106,43,0
29,107,43,0
29,108,43,0
29,109,43,0
29,110,43,0
29,111,43,0
29,0,44,0
29,1,44,0
29,2,44,0
29,3,44,0
29,4,44,0
29,5,44,0
29,6,44,0
29,7,44,0
29,8,44,0
29,9,44,0
29,10,44,0
29,11,44,0
29,12,44,0
29,13,44,0
29,14,44,0
29,15,44,0
29,16,44,0
29,17,44,0
29,18,44,0
29,19,44,0
29,20,44,0
29,21,44,0
29,22,44,0
29,23,44,0
29,24,44,0
29,25,44,0
29,26,44,0
29,27,44,0
29,28,44,0
29,29,44,0
29,30,44,0
29,31,44,0
29,32,44,0
29,33,44,0
29,34,44,0
29,35,44,0
29,36,44,0
29,37,44,0
29,38,44,0
29,39,44,0
29,40,44,0
29,41,44,0
29,42,44,0
29,43,44,0
29,44,44,0
29,45,44,0
29,46,44,0
29,47,44,0
29,48,44,0
29,49,44,0
29,50,44,1
29,51,44,0
29,52,44,1
29,53,44,0
29,54,44,0
29,55,44,0
29,56,44,0
29,57,44,0
29,58,44,0
29,59,44,0
29,60,44,0
29,61,44,1
29,62,44,0
29,63,44,0
29,64,44,0
29,65,44,0
29,66,44,0
29,67,44,0
29,68,44,0
29,69,44,0
29,70,44,0
29,71,44,0
29,72,44,0
29,73,44,0
29,74,44,0
29,75,44,0
29,76,44,0
29,77,44,0
29,78,44,1
29,79,44,0
29,80,44,0
29,81,44,0
29,82,44,0
29,83,44,0
29,84,44,0
29,85,44,0
29,86,44,0
29,87,44,0
29,88,44,0
29,89,44,0
29,90,44,0
29,91,44,0
29,92,44,0
29,93,44,0
29,94,44,0
29,95,44,0
29,96,44,0
29,97,44,0
29,98,44,0
29,99,44,0
29,100,44,0
29,101,44,0
29,102,44,0
29,103,44,0
29,104,44,0
29,105,44,0
29,106,44,0
29,107,44,0
29,108,44,0
29,109,44,0
29,110,44,0
29,111,44,0
29,0,45,0
29,1,45,0
29,2,45,0
29,3,45,0
29,4,45,0
29,5,45,0
29,6,45,0
29,7,45,0
29,8,45,0
29,9,45,0
29,10,45,0
29,11,45,0
29,12,45,0
29,13,45,0
29,14,45,0
29,15,45,0
29,16,45,0
29,17,45,0
29,18,45,0
29,19,45,0
29,20,45,0
29,21,45,0
29,22,45,0
29,23,45,0
29,24,45,1
29,25,45,0
29,26,45,0
29,27,45,0
29,28,45,0
29,29,45,1
29,30,45,0
29,31,45,0
29,32,45,0
29,33,45,0
29,34,45,0
29,35,45,0
29,36,45,0
29,37,45,0
29,38,45,0
29,39,45,0
29,40,45,0
29,41,45,0
29,42,45,0
29,43,45,0
29,44,45,0
29,45,45,0
29,46,45,0
29,47,45,0
29,48,45,0
29,49,45,0
29,50,45,0
29,51,45,0
29,52,45,0
29,53,45,0
29,54,45,0
29,55,45,1
29,56,45,0
29,57,45,0
29,58,45,0
29,59,45,0
29,60,45,0
29,61,45,0
29,62,45,0
29,63,45,0
29,64,45,0
29,65,45,0
29,66,45,0
29,67,45,0
29,68,45,1
29,69,45,0
29,70,45,0
29,71,45,0
29,72,45,0
29,73,45,0
29,74,45,0
29,75,45,0
29,76,45,0
29,77,45,0
29,78,45,0
29,79,45,0
29,80,45,0
29,81,45,0
29,82,45,1
29,83,45,0
29,84,45,0
29,85,45,0
29,86,45,0
29,87,45,0
29,88,45,0
29,89,45,0
29,90,45,0
29,91,45,0
29,92,45,0
29,93,45,0
29,94,45,0
29,95,45,0
29,96,45,0
29,97,45,1
29,98,45,0
29,99,45,0
29,100,45,0
29,101,45,0
29,102,45,0
29,103,45,0
29,104,45,0
29,105,45,0
29,106,45,0
29,107,45,0
29,108,45,0
29,109,45,0
29,110,45,0
29,111,45,0
29,0,46,0
29,1,46,0
29,2,46,0
29,3,46,0
29,4,46,0
29,5,46,0
29,6,46,0
29,7,46,0
29,8,46,0
29,9,46,0
29,10,46,0
29,11,46,0
29,12,46,0
29,13,46,0
29,14,46,0
29,15,46,0
29,16,46,0
29,17,46,0
29,18,46,0
29,19,46,0
29,20,46,0
29,21,46,0
29,22,46,0
29,23,46,0
29,24,46,0
29,25,46,0
29,26,46,0
29,27,46,0
29,28,46,0
29,29,46,0
29,30,46,0
29,31,46,0
29,32,46,0
29,33,46,0
29,34,46,0
29,35,46,0
29,36,46,0
29,37,46,0
29,38,46,0
29,39,46,0
29,40,46,0
29,41,46,0
29,42,46,0
29,43,46,0
29,44,46,0
29,45,46,0
29,46,46,0
29,47,46,0
29,48,46,1
29,49,46,0
29,50,46,0
29,51,46,0
29,52,46,0
29,53,46,0
29,54,46,0
29,55,46,0
29,56,46,0
29,57,46,0
29,58,46,0
29,59,46,0
29,60,46,0
29,61,46,0
29,62,46,0
29,63,46,0
29,64,46,0
29,65,46,0
29,66,46,0
29,67,46,0
29,68,46,0
29,69,46,0
29,70,46,0
29,71,46,0
29,72,46,0
29,73,46,0
29,74,46,0
29,75,46,0
29,76,46,0
29,77,46,1
29,78,46,0
29,79,46,0
29,80,46,0
29,81,46,0
29,82,46,0
29,83,46,0
29,84,46,0
29,85,46,0
29,86,46,1
29,87,46,0
29,88,46,0
29,89,46,0
29,90,46,0
29,91,46,0
29,92,46,0
29,93,46,0
29,94,46,0
29,95,46,0
29,96,46,0
29,97,46,0
29,98,46,0
29,99,46,0
29,100,46,0
29,101,46,0
29,102,46,0
29,103,46,0
29,104,46,1
29,105,46,1
29,106,46,0
29,107,46,0
29,108,46,0
29,109,46,0
29,110,46,0
29,111,46,0
29,0,47,0
29,1,47,0
29,2,47,0
29,3,47,0
29,4,47,0
29,5,47,0
29,6,47,0
29,7,47,0
29,8,47,0
29,9,47,0
29,10,47,0
29,11,47,0
29,12,47,0
29,13,47,0
29,14,47,0
29,15,47,0
29,16,47,0
29,17,47,0
29,18,47,0
29,19,47,0
29,20,47,0
29,21,47,0
29,22,47,0
29,23,47,0
29,24,47,0
29,25,47,0
29,26,47,0
29,27,47,0
29,28,47,0
29,29,47,0
29,30,47,0
29,31,47,0
29,32,47,0
29,33,47,0
29,34,47,0
29,35,47,0
29,36,47,0
29,37,47,0
29,38,47,0
29,39,47,0
29,40,47,0
29,41,47,0
29,42,47,0
29,43,47,0
29,44,47,0
29,45,47,0
29,46,47,0
29,47,47,0
29,48,47,0
29,49,47,0
29,50,47,0
29,51,47,0
29,52,47,0
29,53,47,0
29,54,47,0
29,55,47,0
29,56,47,0
29,57,47,0
29,58,47,0
29,59,47,0
29,60,47,0
29,61,47,0
29,62,47,0
29,63,47,0
29,64,47,0
29,65,47,0
29,66,47,0
29,67,47,0
29,68,47,0
29,69,47,0
29,70,47,0
29,71,47,0
29,72,47,0
29,73,47,0
29,74,47,0
29,75,47,0
29,76,47,0
29,77,47,0
29,78,47,0
29,79,47,0
29,80,47,0
29,81,47,0
29,82,47,0
29,83,47,0
29,84,47,0
29,85,47,0
29,86,47,0
29,87,47,0
29,88,47,0
29,89,47,0
29,90,47,0
29,91,47,0
29,92,47,0
29,93,47,0
29,94,47,0
29,95,47,0
29,96,47,0
29,97,47,0
29,98,47,0
29,99,47,0
29,100,47,0
29,101,47,0
29,102,47,0
29,103,47,0
29,104,47,0
29,105,47,0
29,106,47,0
29,107,47,0
29,108,47,0
29,109,47,0
29,110,47,0
29,111,47,0
29,0,48,0
29,1,48,0
29,2,48,0
29,3,48,0
29,4,48,0
29,5,48,0
29,6,48,0
29,7,48,0
29,8,48,0
29,9,48,0
29,10,48,0
29,11,48,0
29,12,48,0
29,13,48,0
29,14,48,1
29,15,48,0
29,16,48,0
29,17,48,0
29,18,48,0
29,19,48,0
29,20,48,0
29,21,48,0
29,22,48,0
29,23,48,0
29,24,48,0
29,25,48,0
29,26,48,0
29,27,48,0
29,28,48,0
29,29,48,0
29,30,48,0
29,31,48,0
29,32,48,0
29,33,48,0
29,34,48,0
29,35,48,0
29,36,48,0
29,37,48,0
29,38,48,0
29,39,48,0
29,40,48,0
29,41,48,0
29,42,48,0
29,43,48,0
29,44,48,0
29,45,48,0
29,46,48,0
29,47,48,0
29,48,48,0
29,49,48,0
29,50,48,0
29,51,48,0
29,52,48,0
29,53,48,0
29,54,48,0
29,55,48,0
29,56,48,0
29,57,48,0
29,58,48,0
29,59,48,0
29,60,48,0
29,61,48,0
29,62,48,0
29,63,48,0
29,64,48,0
29,65,48,0
29,66,48,0
29,67,48,0
29,68,48,0
29,69,48,0
29,70,48,1
29,71,48,0
29,72,48,0
29,73,48,0
29,74,48,0
29,75,48,0
29,76,48,0
29,77,48,0
29,78,48,0
29,79,48,0
29,80,48,0
29,81,48,0
29,82,48,0
29,83,48,0
29,84,48,0
29,85,48,0
29,86,48,0
29,87,48,0
29,88,48,0
29,89,48,0
29,90,48,0
29,91,48,0
29,92,48,0
29,93,48,0
29,94,48,0
29,95,48,0
29,96,48,0
29,97,48,0
29,98,48,0
29,99,48,0
29,100,48,0
29,101,48,0
29,102,48,0
29,103,48,0
29,104,48,0
29,105,48,0
29,106,48,0
29,107,48,0
29,108,48,0
29,109,48,0
29,110,48,0
29,111,48,0
29,0,49,0
29,1,49,0
29,2,49,0
29,3,49,0
29,4,49,0
29,5,49,0
29,6,49,0
29,7,49,0
29,8,49,0
29,9,49,1
29,10,49,0
29,11,49,0
29,12,49,0
29,13,49,0
29,14,49,0
29,15,49,0
29,16,49,0
29,17,49,0
29,18,49,0
29,19,49,0
29,20,49,0
29,21,49,0
29,22,49,0
29,23,49,1
29,24,49,0
29,25,49,0
29,26,49,0
29,27,49,0
29,28,49,0
29,29,49,0
29,30,49,0
29,31,49,0
29,32,49,0
29,33,49,0
29,34,49,0
29,35,49,0
29,36,49,0
29,37,49,0
29,38,49,0
29,39,49,0
29,40,49,0
29,41,49,1
29,42,49,0
29,43,49,0
29,44,49,0
29,45,49,0
29,46,49,0
29,47,49,0
29,48,49,0
29,49,49,0
29,50,49,0
29,51,49,0
29,52,49,0
29,53,49,1
29,54,49,0
29,55,49,0
29,56,49,0
29,57,49,0
29,58,49,0
29,59,49,0
29,60,49,0
29,61,49,0
29,62,49,0
29,63,49,0
29,64,49,0
29,65,49,0
29,66,49,0
29,67,49,0
29,68,49,0
29,69,49,0
29,70,49,0
29,71,49,1
29,72,49,0
29,73,49,0
29,74,49,0
29,75,49,1
29,76,49,0
29,77,49,0
29,78,49,0
29,79,49,0
29,80,49,0
29,81,49,0
29,82,49,1
29,83,49,0
29,84,49,0
29,85,49,0
29,86,49,0
29,87,49,0
29,88,49,0
29,89,49,0
29,90,49,0
29,91,49,0
29,92,49,0
29,93,49,0
29,94,49,0
29,95,49,0
29,96,49,0
29,97,49,0
29,98,49,0
29,99,49,0
29,100,49,0
29,101,49,0
29,102,49,0
29,103,49,0
29,104,49,0
29,105,49,0
29,106,49,0
29,107,49,0
29,108,49,0
29,109,49,0
29,110,49,0
29,111,49,0
29,0,50,0
29,1,50,0
29,2,50,0
29,3,50,0
29,4,50,0
29,5,50,0
29,6,50,0
29,7,50,0
29,8,50,0
29,9,50,0
29,10,50,0
29,11,50,0
29,12,50,0
29,13,50,0
29,14,50,0
29,15,50,0
29,16,50,0
29,17,50,0
29,18,50,0
29,19,50,0
29,20,50,0
29,21,50,0
29,22,50,0
29,23,50,0
29,24,50,0
29,25,50,0
29,26,50,0
29,27,50,0
29,28,50,0
29,29,50,0
29,30,50,0
29,31,50,0
29,32,50,0
29,33,50,0
29,34,50,0
29,35,50,0
29,36,50,0
29,37,50,0
29,38,50,0
29,39,50,0
29,40,50,0
29,41,50,0
29,42,50,0
29,43,50,0
29,44,50,0
29,45,50,0
29,46,50,0
29,47,50,0
29,48,50,0
29,49,50,0
29,50,50,0
29,51,50,0
29,52,50,0
29,53,50,0
29,54,50,0
29,55,50,0
29,56,50,0
29,57,50,0
29,58,50,0
29,59,50,0
29,60,50,0
29,61,50,0
29,62,50,0
29,63,50,0
29,64,50,0
29,65,50,0
29,66,50,0
29,67,50,0
29,68,50,0
29,69,50,0
29,70,50,0
29,71,50,0
29,72,50,0
29,73,50,0
29,74,50,0
29,75,50,0
29,76,50,0
29,77,50,0
29,78,50,0
29,79,50,0
29,80,50,0
29,81,50,0
29,82,50,0
29,83,50,0
29,84,50,0
29,85,50,0
29,86,50,0
29,87,50,0
29,88,50,0
29,89,50,0
29,90,50,0
29,91,50,0
29,92,50,0
29,93,50,0
29,94,50,0
29,95,50,0
29,96,50,0
29,97,50,0
29,98,50,0
29,99,50,0
29,100,50,0
29,101,50,0
29,102,50,0
29,103,50,0
29,104,50,0
29,105,50,0
29,106,50,0
29,107,50,0
29,108,50,0
29,109,50,0
29,110,50,0
29,111,50,0
29,0,51,0
29,1,51,0
29,2,51,0
29,3,51,0
29,4,51,0
29,5,51,0
29,6,51,0
29,7,51,0
29,8,51,0
29,9,51,0
29,10,51,0
29,11,51,0
29,12,51,0
29,13,51,0
29,14,51,0
29,15,51,0
29,16,51,0
29,17,51,0
29,18,51,0
29,19,51,0
29,20,51,0
29,21,51,0
29,22,51,0
29,23,51,0
29,24,51,0
29,25,51,0
29,26,51,0
29,27,51,0
29,28,51,0
29,29,51,1
29,30,51,0
29,31,51,0
29,32,51,0
29,33,51,0
29,34,51,0
29,35,51,0
29,36,51,0
29,37,51,0
29,38,51,0
29,39,51,0
29,40,51,0
29,41,51,0
29,42,51,1
29,43,51,0
29,44,51,0
29,45,51,0
29,46,51,0
29,47,51,0
29,48,51,0
29,49,51,1
29,50,51,0
29,51,51,0
29,52,51,0
29,53,51,0
29,54,51,0
29,55,51,0
29,56,51,0
29,57,51,0
29,58,51,0
29,59,51,1
29,60,51,0
29,61,51,0
29,62,51,0
29,63,51,0
29,64,51,0
29,65,51,0
29,66,51,0
29,67,51,0
29,68,51,0
29,69,51,0
29,70,51,0
29,71,51,0
29,72,51,0
29,73,51,0
29,74,51,0
29,75,51,0
29,76,51,0
29,77,51,0
29,78,51,0
29,79,51,0
29,80,51,0
29,81,51,0
29,82,51,0
29,83,51,0
29,84,51,0
29,85,51,0
29,86,51,0
29,87,51,0
29,88,51,0
29,89,51,0
29,90,51,0
29,91,51,0
29,92,51,0
29,93,51,0
29,94,51,0
29,95,51,0
29,96,51,0
29,97,51,0
29,98,51,0
29,99,51,0
29,100,51,0
29,101,51,0
29,102,51,0
29,103,51,0
29,104,51,0
29,105,51,0
29,106,51,0
29,107,51,0
29,108,51,0
29,109,51,0
29,110,51,0
29,111,51,0
29,0,52,0
29,1,52,0
29,2,52,0
29,3,52,0
29,4,52,0
29,5,52,0
29,6,52,0
29,7,52,0
29,8,52,0
29,9,52,0
29,10,52,0
29,11,52,0
29,12,52,0
29,13,52,0
29,14,52,0
29,15,52,0
29,16,52,0
29,17,52,0
29,18,52,0
29,19,52,0
29,20,52,0
29,21,52,0
29,22,52,0
29,23,52,0
29,24,52,0
29,25,52,0
29,26,52,0
29,27,52,0
29,28,52,0
29,29,52,1
29,30,52,0
29,31,52,0
29,32,52,0
29,33,52,0
29,34,52,0
29,35,52,0
29,36,52,0
29,37,52,0
29,38,52,0
29,39,52,0
29,40,52,0
29,41,52,0
29,42,52,0
29,43,52,0
29,44,52,0
29,45,52,0
29,46,52,0
29,47,52,0
29,48,52,0
29,49,52,0
29,50,52,0
29,51,52,0
29,52,52,0
29,53,52,0
29,54,52,0
29,55,52,0
29,56,52,0
29,57,52,0
29,58,52,0
29,59,52,0
29,60,52,0
29,61,52,0
29,62,52,0
29,63,52,0
29,64,52,0
29,65,52,0
29,66,52,0
29,67,52,1
29,68,52,0
29,69,52,1
29,70,52,0
29,71,52,0
29,72,52,0
29,73,52,0
29,74,52,0
29,75,52,0
29,76,52,0
29,77,52,0
29,78,52,0
29,79,52,0
29,80,52,0
29,81,52,0
29,82,52,0
29,83,52,0
29,84,52,0
29,85,52,0
29,86,52,0
29,87,52,0
29,88,52,0
29,89,52,0
29,90,52,0
29,91,52,0
29,92,52,0
29,93,52,0
29,94,52,0
29,95,52,0
29,96,52,0
29,97,52,0
29,98,52,0
29,99,52,0
29,100,52,0
29,101,52,0
29,102,52,0
29,103,52,0
29,104,52,0
29,105,52,0
29,106,52,0
29,107,52,0
29,108,52,0
29,109,52,0
29,110,52,0
29,111,52,0
29,0,53,0
29,1,53,0
29,2,53,0
29,3,53,0
29,4,53,0
29,5,53,1
29,6,53,1
29,7,53,0
29,8,53,0
29,9,53,0
29,10,53,0
29,11,53,0
29,12,53,0
29,13,53,0
29,14,53,0
29,15,53,0
29,16,53,0
29,17,53,0
29,18,53,0
29,19,53,0
29,20,53,0
29,21,53,0
29,22,53,0
29,23,53,0
29,24,53,0
29,25,53,0
29,26,53,0
29,27,53,0
29,28,53,0
29,29,53,0
29,30,53,0
29,31,53,0
29,32,53,0
29,33,53,0
29,34,53,0
29,35,53,0
29,36,53,0
29,37,53,0
29,38,53,0
29,39,53,0
29,40,53,0
29,41,53,0
29,42,53,0
29,43,53,1
29,44,53,0
29,45,53,0
29,46,53,0
29,47,53,0
29,48,53,0
29,49,53,0
29,50,53,0
29,51,53,0
29,52,53,0
29,53,53,0
29,54,53,0
29,55,53,0
29,56,53,0
29,57,53,0
29,58,53,0
29,59,53,0
29,60,53,0
29,61,53,1
29,62,53,0
29,63,53,0
29,64,53,0
29,65,53,0
29,66,53,0
29,67,53,0
29,68,53,0
29,69,53,0
29,70,53,0
29,71,53,0
29,72,53,0
29,73,53,0
29,74,53,0
29,75,53,0
29,76,53,0
29,77,53,0
29,78,53,0
29,79,53,0
29,80,53,0
29,81,53,0
29,82,53,0
29,83,53,0
29,84,53,0
29,85,53,0
29,86,53,0
29,87,53,0
29,88,53,0
29,89,53,0
29,90,53,0
29,91,53,0
29,92,53,0
29,93,53,0
29,94,53,0
29,95,53,0
29,96,53,0
29,97,53,0
29,98,53,0
29,99,53,0
29,100,53,0
29,101,53,0
29,102,53,0
29,103,53,0
29,104,53,0
29,105,53,0
29,106,53,0
29,107,53,0
29,108,53,0
29,109,53,0
29,110,53,0
29,111,53,0
29,0,54,0
29,1,54,0
29,2,54,0
29,3,54,0
29,4,54,0
29,5,54,0
29,6,54,0
29,7,54,0
29,8,54,0
29,9,54,0
29,10,54,0
29,11,54,0
29,12,54,0
29,13,54,0
29,14,54,0
29,15,54,0
29,16,54,0
29,17,54,0
29,18,54,0
29,19,54,0
29,20,54,0
29,21,54,0
29,22,54,0
29,23,54,0
29,24,54,0
29,25,54,0
29,26,54,0
29,27,54,0
29,28,54,0
29,29,54,1
29,30,54,0
29,31,54,0
29,32,54,0
29,33,54,0
29,34,54,0
29,35,54,0
29,36,54,0
29,37,54,0
29,38,54,0
29,39,54,0
29,40,54,0
29,41,54,0
29,42,54,0
29,43,54,0
29,44,54,0
29,45,54,0
29,46,54,0
29,47,54,0
29,48,54,0
29,49,54,0
29,50,54,0
29,51,54,0
29,52,54,0
29,53,54,0
29,54,54,0
29,55,54,0
29,56,54,0
29,57,54,1
29,58,54,0
29,59,54,0
29,60,54,0
29,61,54,0
29,62,54,1
29,63,54,0
29,64,54,0
29,65,54,0
29,66,54,0
29,67,54,0
29,68,54,0
29,69,54,0
29,70,54,0
29,71,54,0
29,72,54,0
29,73,54,0
29,74,54,0
29,75,54,0
29,76,54,0
29,77,54,0
29,78,54,0
29,79,54,0
29,80,54,0
29,81,54,0
29,82,54,0
29,83,54,0
29,84,54,0
29,85,54,0
29,86,54,0
29,87,54,0
29,88,54,0
29,89,54,0
29,90,54,0
29,91,54,1
29,92,54,1
29,93,54,0
29,94,54,0
29,95,54,0
29,96,54,0
29,97,54,0
29,98,54,0
29,99,54,0
29,100,54,0
29,101,54,0
29,102,54,0
29,103,54,0
29,104,54,0
29,105,54,0
29,106,54,0
29,107,54,0
29,108,54,0
29,109,54,0
29,110,54,0
29,111,54,0
29,0,55,0
29,1,55,0
29,2,55,0
29,3,55,0
29,4,55,1
29,5,55,0
29,6,55,0
29,7,55,0
29,8,55,0
29,9,55,0
29,10,55,0
29,11,55,0
29,12,55,0
29,13,55,0
29,14,55,0
29,15,55,0
29,16,55,0
29,17,55,0
29,18,55,0
29,19,55,0
29,20,55,0
29,21,55,0
29,22,55,0
29,23,55,0
29,24,55,0
29,25,55,0
29,26,55,0
29,27,55,0
29,28,55,0
29,29,55,0
29,30,55,0
29,31,55,0
29,32,55,0
29,33,55,0
29,34,55,0
29,35,55,0
29,36,55,0
29,37,55,0
29,38,55,0
29,39,55,0
29,40,55,0
29,41,55,1
29,42,55,0
29,43,55,0
29,44,55,0
29,45,55,0
29,46,55,0
29,47,55,0
29,48,55,0
29,49,55,0
29,50,55,0
29,51,55,0
29,52,55,0
29,53,55,0
29,54,55,0
29,55,55,0
29,56,55,0
29,57,55,0
29,58,55,0
29,59,55,0
29,60,55,0
29,61,55,0
29,62,55,0
29,63,55,0
29,64,55,0
29,65,55,0
29,66,55,0
29,67,55,0
29,68,55,1
29,69,55,1
29,70,55,0
29,71,55,1
29,72,55,0
29,73,55,0
29,74,55,0
29,75,55,0
29,76,55,1
29,77,55,0
29,78,55,0
29,79,55,1
29,80,55,0
29,81,55,0
29,82,55,0
29,83,55,0
29,84,55,0
29,85,55,0
29,86,55,0
29,87,55,1
29,88,55,0
29,89,55,0
29,90,55,0
29,91,55,1
29,92,55,0
29,93,55,0
29,94,55,0
29,95,55,0
29,96,55,0
29,97,55,0
29,98,55,0
29,99,55,0
29,100,55,0
29,101,55,0
29,102,55,0
29,103,55,0
29,104,55,0
29,105,55,0
29,106,55,0
29,107,55,0
29,108,55,0
29,109,55,0
29,110,55,0
29,111,55,0
29,0,56,0
29,1,56,0
29,2,56,0
29,3,56,1
29,4,56,0
29,5,56,0
29,6,56,0
29,7,56,0
29,8,56,0
29,9,56,0
29,10,56,0
29,11,56,0
29,12,56,0
29,13,56,0
29,14,56,0
29,15,56,0
29,16,56,0
29,17,56,0
29,18,56,0
29,19,56,0
29,20,56,0
29,21,56,0
29,22,56,0
29,23,56,0
29,24,56,0
29,25,56,0
29,26,56,0
29,27,56,0
29,28,56,0
29,29,56,0
29,30,56,0
29,31,56,0
29,32,56,0
29,33,56,0
29,34,56,0
29,35,56,0
29,36,56,0
29,37,56,0
29,38,56,0
29,39,56,0
29,40,56,0
29,41,56,0
29,42,56,0
29,43,56,1
29,44,56,0
29,45,56,1
29,46,56,0
29,47,56,0
29,48,56,0
29,49,56,0
29,50,56,0
29,51,56,0
29,52,56,0
29,53,56,0
29,54,56,0
29,55,56,0
29,56,56,0
29,57,56,1
29,58,56,0
29,59,56,0
29,60,56,0
29,61,56,0
29,62,56,0
29,63,56,1
29,64,56,0
29,65,56,0
29,66,56,0
29,67,56,0
29,68,56,0
29,69,56,0
29,70,56,0
29,71,56,0
29,72,56,0
29,73,56,1
29,74,56,0
29,75,56,0
29,76,56,0
29,77,56,0
29,78,56,1
29,79,56,0
29,80,56,0
29,81,56,0
29,82,56,0
29,83,56,0
29,84,56,0
29,85,56,0
29,86,56,0
29,87,56,0
29,88,56,0
29,89,56,0
29,90,56,0
29,91,56,0
29,92,56,0
29,93,56,0
29,94,56,0
29,95,56,1
29,96,56,0
29,97,56,0
29,98,56,0
29,99,56,0
29,100,56,0
29,101,56,0
29,102,56,0
29,103,56,0
29,104,56,0
29,105,56,0
29,106,56,0
29,107,56,0
29,108,56,0
29,109,56,0
29,110,56,0
29,111,56,0
29,0,57,0
29,1,57,0
29,2,57,0
29,3,57,0
29,4,57,0
29,5,57,0
29,6,57,0
29,7,57,0
29,8,57,0
29,9,57,0
29,10,57,0
29,11,57,0
29,12,57,0
29,13,57,0
29,14,57,0
29,15,57,0
29,16,57,0
29,17,57,0
29,18,57,0
29,19,57,0
29,20,57,0
29,21,57,0
29,22,57,0
29,23,57,0
29,24,57,0
29,25,57,0
29,26,57,0
29,27,57,0
29,28,57,0
29,29,57,0
29,30,57,0
29,31,57,0
29,32,57,0
29,33,57,0
29,34,57,0
29,35,57,0
29,36,57,0
29,37,57,0
29,38,57,0
29,39,57,0
29,40,57,0
29,41,57,0
29,42,57,1
29,43,57,0
29,44,57,0
29,45,57,0
29,46,57,0
29,47,57,0
29,48,57,0
29,49,57,0
29,50,57,0
29,51,57,0
29,52,57,0
29,53,57,0
29,54,57,0
29,55,57,0
29,56,57,0
29,57,57,0
29,58,57,1
29,59,57,0
29,60,57,0
29,61,57,0
29,62,57,0
29,63,57,1
29,64,57,0
29,65,57,0
29,66,57,0
29,67,57,0
29,68,57,0
29,69,57,0
29,70,57,0
29,71,57,0
29,72,57,0
29,73,57,0
29,74,57,0
29,75,57,0
29,76,57,0
29,77,57,0
29,78,57,0
29,79,57,0
29,80,57,0
29,81,57,0
29,82,57,0
29,83,57,0
29,84,57,0
29,85,57,0
29,86,57,0
29,87,57,0
29,88,57,0
29,89,57,0
29,90,57,0
29,91,57,0
29,92,57,0
29,93,57,0
29,94,57,0
29,95,57,0
29,96,57,0
29,97,57,0
29,98,57,0
29,99,57,0
29,100,57,0
29,101,57,0
29,102,57,0
29,103,57,0
29,104,57,0
29,105,57,0
29,106,57,0
29,107,57,0
29,108,57,0
29,109,57,0
29,110,57,0
29,111,57,0
29,0,58,0
29,1,58,0
29,2,58,0
29,3,58,0
29,4,58,0
29,5,58,1
29,6,58,0
29,7,58,0
29,8,58,0
29,9,58,0
29,10,58,0
29,11,58,0
29,12,58,0
29,13,58,0
29,14,58,0
29,15,58,0
29,16,58,0
29,17,58,0
29,18,58,0
29,19,58,0
29,20,58,0
29,21,58,0
29,22,58,0
29,23,58,0
29,24,58,0
29,25,58,0
29,26,58,0
29,27,58,0
29,28,58,0
29,29,58,0
29,30,58,0
29,31,58,0
29,32,58,0
29,33,58,0
29,34,58,0
29,35,58,0
29,36,58,0
29,37,58,0
29,38,58,0
29,39,58,0
29,40,58,0
29,41,58,0
29,42,58,1
29,43,58,0
29,44,58,0
29,45,58,0
29,46,58,0
29,47,58,0
29,48,58,0
29,49,58,0
29,50,58,0
29,51,58,0
29,52,58,0
29,53,58,0
29,54,58,0
29,55,58,0
29,56,58,0
29,57,58,0
29,58,58,0
29,59,58,0
29,60,58,0
29,61,58,1
29,62,58,0
29,63,58,0
29,64,58,0
29,65,58,0
29,66,58,1
29,67,58,0
29,68,58,0
29,69,58,0
29,70,58,0
29,71,58,1
29,72,58,0
29,73,58,0
29,74,58,0
29,75,58,0
29,76,58,0
29,77,58,0
29,78,58,0
29,79,58,0
29,80,58,0
29,81,58,0
29,82,58,0
29,83,58,0
29,84,58,0
29,85,58,0
29,86,58,0
29,87,58,0
29,88,58,0
29,89,58,0
29,90,58,0
29,91,58,0
29,92,58,0
29,93,58,0
29,94,58,0
29,95,58,0
29,96,58,0
29,97,58,0
29,98,58,0
29,99,58,0
29,100,58,0
29,101,58,0
29,102,58,0
29,103,58,0
29,104,58,0
29,105,58,0
29,106,58,0
29,107,58,0
29,108,58,0
29,109,58,0
29,110,58,1
29,111,58,0
29,0,59,0
29,1,59,0
29,2,59,0
29,3,59,0
29,4,59,0
29,5,59,0
29,6,59,0
29,7,59,0
29,8,59,0
29,9,59,0
29,10,59,0
29,11,59,0
29,12,59,0
29,13,59,0
29,14,59,0
29,15,59,0
29,16,59,0
29,17,59,0
29,18,59,0
29,19,59,0
29,20,59,0
29,21,59,0
29,22,59,0
29,23,59,0
29,24,59,0
29,25,59,0
29,26,59,0
29,27,59,0
29,28,59,0
29,29,59,0
29,30,59,1
29,31,59,0
29,32,59,0
29,33,59,0
29,34,59,0
29,35,59,0
29,36,59,1
29,37,59,0
29,38,59,0
29,39,59,0
29,40,59,0
29,41,59,0
29,42,59,0
29,43,59,0
29,44,59,1
29,45,59,0
29,46,59,0
29,47,59,0
29,48,59,0
29,49,59,0
29,50,59,0
29,51,59,1
29,52,59,0
29,53,59,1
29,54,59,0
29,55,59,0
29,56,59,0
29,57,59,1
29,58,59,0
29,59,59,0
29,60,59,0
29,61,59,1
29,62,59,0
29,63,59,0
29,64,59,0
29,65,59,0
29,66,59,1
29,67,59,0
29,68,59,1
29,69,59,0
29,70,59,0
29,71,59,0
29,72,59,0
29,73,59,0
29,74,59,1
29,75,59,0
29,76,59,1
29,77,59,0
29,78,59,0
29,79,59,0
29,80,59,0
29,81,59,1
29,82,59,0
29,83,59,0
29,84,59,0
29,85,59,0
29,86,59,0
29,87,59,0
29,88,59,0
29,89,59,0
29,90,59,0
29,91,59,0
29,92,59,0
29,93,59,0
29,94,59,0
29,95,59,0
29,96,59,0
29,97,59,0
29,98,59,0
29,99,59,0
29,100,59,0
29,101,59,0
29,102,59,0
29,103,59,0
29,104,59,0
29,105,59,0
29,106,59,0
29,107,59,0
29,108,59,0
29,109,59,0
29,110,59,0
29,111,59,0
29,0,60,0
29,1,60,0
29,2,60,0
29,3,60,0
29,4,60,0
29,5,60,1
29,6,60,0
29,7,60,0
29,8,60,0
29,9,60,0
29,10,60,0
29,11,60,0
29,12,60,0
29,13,60,0
29,14,60,0
29,15,60,0
29,16,60,0
29,17,60,0
29,18,60,0
29,19,60,0
29,20,60,0
29,21,60,0
29,22,60,0
29,23,60,0
29,24,60,0
29,25,60,0
29,26,60,0
29,27,60,0
29,28,60,0
29,29,60,0
29,30,60,0
29,31,60,0
29,32,60,0
29,33,60,0
29,34,60,0
29,35,60,0
29,36,60,0
29,37,60,0
29,38,60,0
29,39,60,0
29,40,60,1
29,41,60,0
29,42,60,0
29,43,60,1
29,44,60,0
29,45,60,1
29,46,60,0
29,47,60,0
29,48,60,1
29,49,60,0
29,50,60,0
29,51,60,0
29,52,60,0
29,53,60,0
29,54,60,0
29,55,60,0
29,56,60,0
29,57,60,0
29,58,60,0
29,59,60,0
29,60,60,0
29,61,60,1
29,62,60,0
29,63,60,0
29,64,60,1
29,65,60,0
29,66,60,0
29,67,60,1
29,68,60,0
29,69,60,0
29,70,60,0
29,71,60,0
29,72,60,0
29,73,60,0
29,74,60,1
29,75,60,0
29,76,60,0
29,77,60,0
29,78,60,0
29,79,60,0
29,80,60,0
29,81,60,0
29,82,60,0
29,83,60,0
29,84,60,0
29,85,60,0
29,86,60,0
29,87,60,0
29,88,60,0
29,89,60,0
29,90,60,0
29,91,60,0
29,92,60,0
29,93,60,0
29,94,60,0
29,95,60,0
29,96,60,0
29,97,60,0
29,98,60,0
29,99,60,0
29,100,60,0
29,101,60,0
29,102,60,0
29,103,60,0
29,104,60,0
29,105,60,0
29,106,60,0
29,107,60,0
29,108,60,0
29,109,60,0
29,110,60,0
29,111,60,0
29,0,61,0
29,1,61,0
29,2,61,0
29,3,61,0
29,4,61,0
29,5,61,0
29,6,61,0
29,7,61,0
29,8,61,0
29,9,61,1
29,10,61,0
29,11,61,0
29,12,61,0
29,13,61,0
29,14,61,0
29,15,61,0
29,16,61,0
29,17,61,0
29,18,61,0
29,19,61,0
29,20,61,0
29,21,61,0
29,22,61,0
29,23,61,0
29,24,61,0
29,25,61,0
29,26,61,0
29,27,61,0
29,28,61,0
29,29,61,0
29,30,61,0
29,31,61,0
29,32,61,0
29,33,61,0
29,34,61,0
29,35,61,0
29,36,61,0
29,37,61,0
29,38,61,0
29,39,61,0
29,40,61,0
29,41,61,0
29,42,61,0
29,43,61,0
29,44,61,0
29,45,61,1
29,46,61,0
29,47,61,0
29,48,61,0
29,49,61,0
29,50,61,0
29,51,61,0
29,52,61,1
29,53,61,0
29,54,61,0
29,55,61,0
29,56,61,1
29,57,61,0
29,58,61,0
29,59,61,0
29,60,61,0
29,61,61,0
29,62,61,0
29,63,61,0
29,64,61,1
29,65,61,1
29,66,61,0
29,67,61,0
29,68,61,1
29,69,61,0
29,70,61,0
29,71,61,0
29,72,61,0
29,73,61,0
29,74,61,1
29,75,61,0
29,76,61,0
29,77,61,0
29,78,61,0
29,79,61,1
29,80,61,0
29,81,61,0
29,82,61,0
29,83,61,0
29,84,61,0
29,85,61,0
29,86,61,0
29,87,61,0
29,88,61,0
29,89,61,0
29,90,61,0
29,91,61,0
29,92,61,0
29,93,61,0
29,94,61,0
29,95,61,0
29,96,61,0
29,97,61,1
29,98,61,0
29,99,61,0
29,100,61,0
29,101,61,0
29,102,61,0
29,103,61,0
29,104,61,0
29,105,61,0
29,106,61,0
29,107,61,0
29,108,61,0
29,109,61,0
29,110,61,0
29,111,61,0
29,0,62,0
29,1,62,0
29,2,62,0
29,3,62,0
29,4,62,0
29,5,62,0
29,6,62,0
29,7,62,0
29,8,62,0
29,9,62,0
29,10,62,0
29,11,62,0
29,12,62,0
29,13,62,0
29,14,62,0
29,15,62,0
29,16,62,0
29,17,62,0
29,18,62,0
29,19,62,0
29,20,62,0
29,21,62,0
29,22,62,0
29,23,62,0
29,24,62,0
29,25,62,0
29,26,62,0
29,27,62,0
29,28,62,0
29,29,62,0
29,30,62,1
29,31,62,0
29,32,62,0
29,33,62,0
29,34,62,0
29,35,62,0
29,36,62,0
29,37,62,0
29,38,62,0
29,39,62,0
29,40,62,0
29,41,62,0
29,42,62,0
29,43,62,1
29,44,62,0
29,45,62,0
29,46,62,0
29,47,62,0
29,48,62,1
29,49,62,0
29,50,62,0
29,51,62,0
29,52,62,0
29,53,62,0
29,54,62,0
29,55,62,1
29,56,62,0
29,57,62,0
29,58,62,0
29,59,62,1
29,60,62,0
29,61,62,1
29,62,62,1
29,63,62,1
29,64,62,0
29,65,62,0
29,66,62,0
29,67,62,0
29,68,62,0
29,69,62,0
29,70,62,0
29,71,62,0
29,72,62,0
29,73,62,0
29,74,62,0
29,75,62,0
29,76,62,0
29,77,62,0
29,78,62,0
29,79,62,0
29,80,62,0
29,81,62,0
29,82,62,0
29,83,62,0
29,84,62,0
29,85,62,0
29,86,62,0
29,87,62,0
29,88,62,0
29,89,62,0
29,90,62,0
29,91,62,0
29,92,62,0
29,93,62,0
29,94,62,1
29,95,62,0
29,96,62,0
29,97,62,0
29,98,62,0
29,99,62,0
29,100,62,1
29,101,62,0
29,102,62,0
29,103,62,0
29,104,62,0
29,105,62,0
29,106,62,0
29,107,62,0
29,108,62,0
29,109,62,0
29,110,62,0
29,111,62,0
29,0,63,0
29,1,63,0
29,2,63,0
29,3,63,0
29,4,63,0
29,5,63,0
29,6,63,0
29,7,63,0
29,8,63,0
29,9,63,0
29,10,63,0
29,11,63,0
29,12,63,1
29,13,63,0
29,14,63,0
29,15,63,0
29,16,63,0
29,17,63,0
29,18,63,0
29,19,63,0
29,20,63,0
29,21,63,0
29,22,63,0
29,23,63,0
29,24,63,0
29,25,63,0
29,26,63,0
29,27,63,0
29,28,63,0
29,29,63,1
29,30,63,0
29,31,63,0
29,32,63,0
29,33,63,0
29,34,63,0
29,35,63,0
29,36,63,0
29,37,63,0
29,38,63,0
29,39,63,0
29,40,63,0
29,41,63,1
29,42,63,0
29,43,63,0
29,44,63,0
29,45,63,0
29,46,63,0
29,47,63,0
29,48,63,0
29,49,63,0
29,50,63,0
29,51,63,0
29,52,63,0
29,53,63,0
29,54,63,0
29,55,63,0
29,56,63,0
29,57,63,0
29,58,63,0
29,59,63,0
29,60,63,0
29,61,63,0
29,62,63,0
29,63,63,1
29,64,63,0
29,65,63,0
29,66,63,0
29,67,63,0
29,68,63,1
29,69,63,0
29,70,63,0
29,71,63,0
29,72,63,0
29,73,63,0
29,74,63,0
29,75,63,1
29,76,63,1
29,77,63,0
29,78,63,0
29,79,63,0
29,80,63,0
29,81,63,0
29,82,63,0
29,83,63,0
29,84,63,0
29,85,63,0
29,86,63,0
29,87,63,0
29,88,63,0
29,89,63,0
29,90,63,0
29,91,63,0
29,92,63,0
29,93,63,0
29,94,63,0
29,95,63,0
29,96,63,0
29,97,63,0
29,98,63,0
29,99,63,0
29,100,63,0
29,101,63,0
29,102,63,0
29,103,63,0
29,104,63,0
29,105,63,0
29,106,63,0
29,107,63,0
29,108,63,0
29,109,63,0
29,110,63,0
29,111,63,0
29,0,64,0
29,1,64,0
29,2,64,0
29,3,64,0
29,4,64,0
29,5,64,0
29,6,64,0
29,7,64,0
29,8,64,0
29,9,64,0
29,10,64,0
29,11,64,0
29,12,64,0
29,13,64,0
29,14,64,0
29,15,64,0
29,16,64,0
29,17,64,0
29,18,64,0
29,19,64,0
29,20,64,0
29,21,64,0
29,22,64,0
29,23,64,0
29,24,64,0
29,25,64,0
29,26,64,1
29,27,64,0
29,28,64,0
29,29,64,1
29,30,64,0
29,31,64,0
29,32,64,0
29,33,64,0
29,34,64,0
29,35,64,0
29,36,64,0
29,37,64,0
29,38,64,0
29,39,64,0
29,40,64,0
29,41,64,0
29,42,64,0
29,43,64,0
29,44,64,1
29,45,64,0
29,46,64,0
29,47,64,0
29,48,64,0
29,49,64,1
29,50,64,0
29,51,64,0
29,52,64,0
29,53,64,1
29,54,64,0
29,55,64,0
29,56,64,0
29,57,64,0
29,58,64,0
29,59,64,0
29,60,64,0
29,61,64,0
29,62,64,0
29,63,64,1
29,64,64,0
29,65,64,1
29,66,64,0
29,67,64,1
29,68,64,0
29,69,64,1
29,70,64,1
29,71,64,0
29,72,64,0
29,73,64,0
29,74,64,0
29,75,64,0
29,76,64,0
29,77,64,1
29,78,64,1
29,79,64,0
29,80,64,0
29,81,64,0
29,82,64,0
29,83,64,0
29,84,64,0
29,85,64,0
29,86,64,0
29,87,64,0
29,88,64,0
29,89,64,0
29,90,64,0
29,91,64,0
29,92,64,0
29,93,64,0
29,94,64,0
29,95,64,0
29,96,64,0
29,97,64,0
29,98,64,0
29,99,64,0
29,100,64,0
29,101,64,0
29,102,64,0
29,103,64,0
29,104,64,1
29,105,64,0
29,106,64,0
29,107,64,0
29,108,64,0
29,109,64,0
29,110,64,0
29,111,64,0
29,0,65,0
29,1,65,0
29,2,65,0
29,3,65,0
29,4,65,0
29,5,65,0
29,6,65,0
29,7,65,0
29,8,65,0
29,9,65,0
29,10,65,0
29,11,65,0
29,12,65,0
29,13,65,0
29,14,65,0
29,15,65,0
29,16,65,0
29,17,65,0
29,18,65,0
29,19,65,0
29,20,65,0
29,21,65,0
29,22,65,0
29,23,65,0
29,24,65,0
29,25,65,0
29,26,65,0
29,27,65,0
29,28,65,0
29,29,65,0
29,30,65,0
29,31,65,0
29,32,65,0
29,33,65,0
29,34,65,0
29,35,65,0
29,36,65,1
29,37,65,0
29,38,65,0
29,39,65,0
29,40,65,0
29,41,65,0
29,42,65,0
29,43,65,0
29,44,65,0
29,45,65,0
29,46,65,0
29,47,65,0
29,48,65,1
29,49,65,1
29,50,65,1
29,51,65,0
29,52,65,0
29,53,65,1
29,54,65,0
29,55,65,0
29,56,65,0
29,57,65,0
29,58,65,0
29,59,65,0
29,60,65,1
29,61,65,0
29,62,65,0
29,63,65,0
29,64,65,0
29,65,65,0
29,66,65,1
29,67,65,0
29,68,65,0
29,69,65,0
29,70,65,0
29,71,65,0
29,72,65,0
29,73,65,0
29,74,65,0
29,75,65,0
29,76,65,0
29,77,65,0
29,78,65,1
29,79,65,0
29,80,65,0
29,81,65,0
29,82,65,0
29,83,65,0
29,84,65,1
29,85,65,0
29,86,65,0
29,87,65,0
29,88,65,0
29,89,65,0
29,90,65,0
29,91,65,0
29,92,65,0
29,93,65,0
29,94,65,0
29,95,65,0
29,96,65,0
29,97,65,0
29,98,65,0
29,99,65,0
29,100,65,0
29,101,65,0
29,102,65,0
29,103,65,0
29,104,65,0
29,105,65,0
29,106,65,0
29,107,65,0
29,108,65,0
29,109,65,0
29,110,65,0
29,111,65,0
29,0,66,0
29,1,66,0
29,2,66,0
29,3,66,0
29,4,66,0
29,5,66,0
29,6,66,0
29,7,66,0
29,8,66,0
29,9,66,0
29,10,66,0
29,11,66,0
29,12,66,0
29,13,66,0
29,14,66,0
29,15,66,0
29,16,66,0
29,17,66,0
29,18,66,0
29,19,66,0
29,20,66,0
29,21,66,0
29,22,66,0
29,23,66,0
29,24,66,0
29,25,66,0
29,26,66,0
29,27,66,0
29,28,66,0
29,29,66,0
29,30,66,0
29,31,66,0
29,32,66,0
29,33,66,0
29,34,66,0
29,35,66,0
29,36,66,0
29,37,66,0
29,38,66,1
29,39,66,0
29,40,66,0
29,41,66,0
29,42,66,0
29,43,66,0
29,44,66,0
29,45,66,0
29,46,66,0
29,47,66,0
29,48,66,0
29,49,66,0
29,50,66,0
29,51,66,0
29,52,66,0
29,53,66,0
29,54,66,1
29,55,66,0
29,56,66,1
29,57,66,0
29,58,66,0
29,59,66,0
29,60,66,0
29,61,66,0
29,62,66,0
29,63,66,1
29,64,66,0
29,65,66,1
29,66,66,0
29,67,66,0
29,68,66,0
29,69,66,0
29,70,66,0
29,71,66,0
29,72,66,0
29,73,66,1
29,74,66,0
29,75,66,1
29,76,66,1
29,77,66,0
29,78,66,0
29,79,66,0
29,80,66,0
29,81,66,0
29,82,66,0
29,83,66,1
29,84,66,0
29,85,66,0
29,86,66,0
29,87,66,0
29,88,66,1
29,89,66,0
29,90,66,0
29,91,66,0
29,92,66,0
29,93,66,0
29,94,66,0
29,95,66,0
29,96,66,0
29,97,66,0
29,98,66,0
29,99,66,0
29,100,66,0
29,101,66,0
29,102,66,0
29,103,66,0
29,104,66,0
29,105,66,0
29,106,66,0
29,107,66,0
29,108,66,0
29,109,66,0
29,110,66,0
29,111,66,0
29,0,67,0
29,1,67,0
29,2,67,0
29,3,67,0
29,4,67,0
29,5,67,0
29,6,67,0
29,7,67,0
29,8,67,0
29,9,67,0
29,10,67,0
29,11,67,0
29,12,67,0
29,13,67,0
29,14,67,0
29,15,67,0
29,16,67,0
29,17,67,0
29,18,67,0
29,19,67,0
29,20,67,0
29,21,67,0
29,22,67,0
29,23,67,0
29,24,67,0
29,25,67,0
29,26,67,0
29,27,67,0
29,28,67,0
29,29,67,0
29,30,67,0
29,31,67,0
29,32,67,0
29,33,67,0
29,34,67,0
29,35,67,0
29,36,67,1
29,37,67,0
29,38,67,0
29,39,67,0
29,40,67,0
29,41,67,1
29,42,67,0
29,43,67,0
29,44,67,0
29,45,67,0
29,46,67,0
29,47,67,0
29,48,67,0
29,49,67,0
29,50,67,0
29,51,67,0
29,52,67,1
29,53,67,1
29,54,67,0
29,55,67,1
29,56,67,0
29,57,67,0
29,58,67,0
29,59,67,0
29,60,67,0
29,61,67,0
29,62,67,0
29,63,67,1
29,64,67,0
29,65,67,0
29,66,67,0
29,67,67,0
29,68,67,1
29,69,67,0
29,70,67,1
29,71,67,0
29,72,67,0
29,73,67,0
29,74,67,1
29,75,67,0
29,76,67,1
29,77,67,0
29,78,67,0
29,79,67,0
29,80,67,0
29,81,67,0
29,82,67,0
29,83,67,0
29,84,67,0
29,85,67,0
29,86,67,0
29,87,67,0
29,88,67,1
29,89,67,0
29,90,67,0
29,91,67,0
29,92,67,0
29,93,67,0
29,94,67,0
29,95,67,0
29,96,67,0
29,97,67,0
29,98,67,0
29,99,67,0
29,100,67,0
29,101,67,0
29,102,67,0
29,103,67,0
29,104,67,0
29,105,67,0
29,106,67,0
29,107,67,0
29,108,67,0
29,109,67,0
29,110,67,0
29,111,67,0
29,0,68,0
29,1,68,0
29,2,68,0
29,3,68,0
29,4,68,0
29,5,68,0
29,6,68,0
29,7,68,0
29,8,68,0
29,9,68,0
29,10,68,0
29,11,68,0
29,12,68,0
29,13,68,0
29,14,68,0
29,15,68,0
29,16,68,0
29,17,68,0
29,18,68,0
29,19,68,0
29,20,68,0
29,21,68,0
29,22,68,0
29,23,68,0
29,24,68,0
29,25,68,0
29,26,68,0
29,27,68,0
29,28,68,0
29,29,68,0
29,30,68,0
29,31,68,0
29,32,68,0
29,33,68,0
29,34,68,0
29,35,68,0
29,36,68,0
29,37,68,0
29,38,68,0
29,39,68,0
29,40,68,0
29,41,68,0
29,42,68,0
29,43,68,0
29,44,68,0
29,45,68,1
29,46,68,1
29,47,68,0
29,48,68,0
29,49,68,1
29,50,68,0
29,51,68,0
29,52,68,0
29,53,68,0
29,54,68,1
29,55,68,0
29,56,68,0
29,57,68,0
29,58,68,0
29,59,68,0
29,60,68,0
29,61,68,0
29,62,68,0
29,63,68,0
29,64,68,0
29,65,68,0
29,66,68,0
29,67,68,0
29,68,68,0
29,69,68,1
29,70,68,1
29,71,68,0
29,72,68,0
29,73,68,0
29,74,68,0
29,75,68,0
29,76,68,1
29,77,68,0
29,78,68,1
29,79,68,0
29,80,68,0
29,81,68,0
29,82,68,0
29,83,68,0
29,84,68,0
29,85,68,0
29,86,68,0
29,87,68,0
29,88,68,0
29,89,68,0
29,90,68,0
29,91,68,0
29,92,68,0
29,93,68,0
29,94,68,0
29,95,68,0
29,96,68,0
29,97,68,0
29,98,68,0
29,99,68,0
29,100,68,0
29,101,68,0
29,102,68,0
29,103,68,0
29,104,68,0
29,105,68,0
29,106,68,0
29,107,68,0
29,108,68,0
29,109,68,0
29,110,68,0
29,111,68,0
