IMG_ID,PIXEL_X,PIXEL_Y,PIXEL_COLOR
989,0,0,0
989,1,0,0
989,2,0,0
989,3,0,0
989,4,0,0
989,5,0,0
989,6,0,0
989,7,0,0
989,8,0,0
989,9,0,0
989,10,0,0
989,11,0,0
989,12,0,0
989,13,0,1
989,14,0,0
989,15,0,0
989,16,0,0
989,17,0,0
989,18,0,1
989,19,0,0
989,20,0,0
989,21,0,0
989,22,0,0
989,23,0,0
989,24,0,0
989,25,0,0
989,26,0,0
989,27,0,0
989,28,0,0
989,29,0,0
989,30,0,0
989,31,0,0
989,32,0,0
989,33,0,0
989,34,0,0
989,35,0,0
989,36,0,0
989,37,0,0
989,38,0,0
989,39,0,0
989,40,0,0
989,41,0,0
989,42,0,0
989,43,0,0
989,44,0,0
989,45,0,0
989,46,0,0
989,47,0,0
989,48,0,0
989,49,0,0
989,50,0,0
989,51,0,0
989,52,0,0
989,53,0,0
989,54,0,0
989,55,0,0
989,56,0,0
989,57,0,0
989,58,0,0
989,59,0,0
989,60,0,0
989,61,0,0
989,62,0,0
989,63,0,0
989,64,0,0
989,65,0,0
989,66,0,0
989,67,0,1
989,68,0,0
989,69,0,0
989,70,0,0
989,71,0,0
989,72,0,0
989,73,0,0
989,74,0,0
989,75,0,0
989,76,0,0
989,77,0,0
989,78,0,0
989,79,0,0
989,80,0,0
989,81,0,0
989,82,0,1
989,83,0,0
989,84,0,0
989,85,0,0
989,86,0,0
989,87,0,1
989,88,0,0
989,89,0,0
989,90,0,0
989,91,0,0
989,92,0,0
989,93,0,0
989,94,0,0
989,95,0,0
989,96,0,0
989,97,0,0
989,98,0,0
989,99,0,0
989,100,0,0
989,101,0,0
989,102,0,0
989,103,0,0
989,104,0,0
989,105,0,0
989,106,0,0
989,107,0,0
989,108,0,0
989,109,0,0
989,110,0,0
989,111,0,0
989,0,1,0
989,1,1,0
989,2,1,0
989,3,1,0
989,4,1,1
989,5,1,0
989,6,1,0
989,7,1,0
989,8,1,0
989,9,1,0
989,10,1,0
989,11,1,0
989,12,1,0
989,13,1,0
989,14,1,0
989,15,1,0
989,16,1,0
989,17,1,0
989,18,1,0
989,19,1,0
989,20,1,0
989,21,1,0
989,22,1,0
989,23,1,0
989,24,1,0
989,25,1,0
989,26,1,0
989,27,1,0
989,28,1,0
989,29,1,0
989,30,1,0
989,31,1,0
989,32,1,0
989,33,1,0
989,34,1,0
989,35,1,0
989,36,1,0
989,37,1,0
989,38,1,0
989,39,1,1
989,40,1,1
989,41,1,0
989,42,1,0
989,43,1,0
989,44,1,0
989,45,1,0
989,46,1,0
989,47,1,0
989,48,1,0
989,49,1,0
989,50,1,0
989,51,1,0
989,52,1,1
989,53,1,0
989,54,1,1
989,55,1,0
989,56,1,0
989,57,1,0
989,58,1,0
989,59,1,0
989,60,1,0
989,61,1,0
989,62,1,0
989,63,1,0
989,64,1,0
989,65,1,0
989,66,1,0
989,67,1,1
989,68,1,0
989,69,1,0
989,70,1,0
989,71,1,0
989,72,1,0
989,73,1,0
989,74,1,0
989,75,1,0
989,76,1,0
989,77,1,0
989,78,1,0
989,79,1,0
989,80,1,0
989,81,1,0
989,82,1,0
989,83,1,0
989,84,1,0
989,85,1,0
989,86,1,0
989,87,1,0
989,88,1,0
989,89,1,0
989,90,1,0
989,91,1,0
989,92,1,0
989,93,1,0
989,94,1,0
989,95,1,0
989,96,1,0
989,97,1,0
989,98,1,0
989,99,1,0
989,100,1,0
989,101,1,0
989,102,1,0
989,103,1,0
989,104,1,0
989,105,1,0
989,106,1,0
989,107,1,0
989,108,1,0
989,109,1,0
989,110,1,0
989,111,1,0
989,0,2,0
989,1,2,0
989,2,2,0
989,3,2,0
989,4,2,0
989,5,2,0
989,6,2,0
989,7,2,0
989,8,2,0
989,9,2,0
989,10,2,0
989,11,2,1
989,12,2,0
989,13,2,0
989,14,2,0
989,15,2,0
989,16,2,0
989,17,2,0
989,18,2,0
989,19,2,0
989,20,2,0
989,21,2,0
989,22,2,0
989,23,2,0
989,24,2,0
989,25,2,0
989,26,2,0
989,27,2,0
989,28,2,0
989,29,2,0
989,30,2,0
989,31,2,0
989,32,2,0
989,33,2,0
989,34,2,0
989,35,2,0
989,36,2,0
989,37,2,0
989,38,2,0
989,39,2,0
989,40,2,0
989,41,2,0
989,42,2,0
989,43,2,0
989,44,2,0
989,45,2,0
989,46,2,0
989,47,2,0
989,48,2,0
989,49,2,0
989,50,2,0
989,51,2,0
989,52,2,1
989,53,2,0
989,54,2,0
989,55,2,0
989,56,2,0
989,57,2,0
989,58,2,0
989,59,2,0
989,60,2,0
989,61,2,0
989,62,2,0
989,63,2,1
989,64,2,1
989,65,2,0
989,66,2,0
989,67,2,0
989,68,2,0
989,69,2,0
989,70,2,0
989,71,2,0
989,72,2,0
989,73,2,0
989,74,2,0
989,75,2,0
989,76,2,0
989,77,2,0
989,78,2,0
989,79,2,0
989,80,2,0
989,81,2,0
989,82,2,0
989,83,2,0
989,84,2,0
989,85,2,0
989,86,2,0
989,87,2,0
989,88,2,0
989,89,2,0
989,90,2,0
989,91,2,0
989,92,2,0
989,93,2,0
989,94,2,0
989,95,2,0
989,96,2,0
989,97,2,0
989,98,2,0
989,99,2,0
989,100,2,0
989,101,2,0
989,102,2,0
989,103,2,0
989,104,2,0
989,105,2,0
989,106,2,0
989,107,2,0
989,108,2,0
989,109,2,0
989,110,2,0
989,111,2,0
989,0,3,0
989,1,3,0
989,2,3,0
989,3,3,0
989,4,3,0
989,5,3,0
989,6,3,0
989,7,3,0
989,8,3,0
989,9,3,0
989,10,3,0
989,11,3,0
989,12,3,0
989,13,3,0
989,14,3,0
989,15,3,0
989,16,3,0
989,17,3,0
989,18,3,0
989,19,3,0
989,20,3,0
989,21,3,0
989,22,3,0
989,23,3,0
989,24,3,0
989,25,3,0
989,26,3,0
989,27,3,0
989,28,3,0
989,29,3,0
989,30,3,0
989,31,3,0
989,32,3,0
989,33,3,0
989,34,3,0
989,35,3,0
989,36,3,0
989,37,3,0
989,38,3,0
989,39,3,0
989,40,3,0
989,41,3,0
989,42,3,1
989,43,3,0
989,44,3,0
989,45,3,0
989,46,3,0
989,47,3,0
989,48,3,0
989,49,3,0
989,50,3,0
989,51,3,0
989,52,3,0
989,53,3,0
989,54,3,1
989,55,3,0
989,56,3,0
989,57,3,0
989,58,3,0
989,59,3,0
989,60,3,0
989,61,3,0
989,62,3,0
989,63,3,0
989,64,3,0
989,65,3,0
989,66,3,0
989,67,3,0
989,68,3,0
989,69,3,0
989,70,3,0
989,71,3,0
989,72,3,0
989,73,3,0
989,74,3,0
989,75,3,0
989,76,3,0
989,77,3,0
989,78,3,0
989,79,3,0
989,80,3,0
989,81,3,0
989,82,3,0
989,83,3,0
989,84,3,0
989,85,3,0
989,86,3,0
989,87,3,1
989,88,3,0
989,89,3,0
989,90,3,0
989,91,3,0
989,92,3,1
989,93,3,1
989,94,3,0
989,95,3,0
989,96,3,1
989,97,3,0
989,98,3,0
989,99,3,0
989,100,3,0
989,101,3,0
989,102,3,0
989,103,3,0
989,104,3,0
989,105,3,0
989,106,3,0
989,107,3,0
989,108,3,0
989,109,3,0
989,110,3,0
989,111,3,0
989,0,4,0
989,1,4,0
989,2,4,0
989,3,4,0
989,4,4,0
989,5,4,0
989,6,4,0
989,7,4,0
989,8,4,0
989,9,4,0
989,10,4,0
989,11,4,0
989,12,4,0
989,13,4,0
989,14,4,0
989,15,4,0
989,16,4,0
989,17,4,0
989,18,4,0
989,19,4,0
989,20,4,0
989,21,4,0
989,22,4,0
989,23,4,0
989,24,4,0
989,25,4,0
989,26,4,0
989,27,4,0
989,28,4,0
989,29,4,0
989,30,4,0
989,31,4,0
989,32,4,0
989,33,4,0
989,34,4,0
989,35,4,0
989,36,4,0
989,37,4,0
989,38,4,0
989,39,4,0
989,40,4,0
989,41,4,0
989,42,4,0
989,43,4,0
989,44,4,0
989,45,4,0
989,46,4,0
989,47,4,0
989,48,4,0
989,49,4,0
989,50,4,0
989,51,4,0
989,52,4,0
989,53,4,0
989,54,4,0
989,55,4,0
989,56,4,0
989,57,4,0
989,58,4,0
989,59,4,0
989,60,4,0
989,61,4,0
989,62,4,0
989,63,4,0
989,64,4,0
989,65,4,0
989,66,4,0
989,67,4,0
989,68,4,1
989,69,4,0
989,70,4,0
989,71,4,0
989,72,4,0
989,73,4,0
989,74,4,0
989,75,4,1
989,76,4,0
989,77,4,0
989,78,4,0
989,79,4,0
989,80,4,0
989,81,4,0
989,82,4,0
989,83,4,0
989,84,4,0
989,85,4,0
989,86,4,0
989,87,4,0
989,88,4,0
989,89,4,0
989,90,4,0
989,91,4,0
989,92,4,0
989,93,4,0
989,94,4,0
989,95,4,0
989,96,4,0
989,97,4,0
989,98,4,1
989,99,4,0
989,100,4,0
989,101,4,0
989,102,4,0
989,103,4,0
989,104,4,0
989,105,4,0
989,106,4,0
989,107,4,0
989,108,4,0
989,109,4,0
989,110,4,0
989,111,4,0
989,0,5,0
989,1,5,0
989,2,5,0
989,3,5,0
989,4,5,0
989,5,5,1
989,6,5,0
989,7,5,0
989,8,5,0
989,9,5,0
989,10,5,0
989,11,5,0
989,12,5,0
989,13,5,0
989,14,5,0
989,15,5,0
989,16,5,0
989,17,5,0
989,18,5,0
989,19,5,0
989,20,5,0
989,21,5,0
989,22,5,0
989,23,5,0
989,24,5,0
989,25,5,1
989,26,5,0
989,27,5,0
989,28,5,0
989,29,5,1
989,30,5,0
989,31,5,0
989,32,5,0
989,33,5,0
989,34,5,0
989,35,5,0
989,36,5,0
989,37,5,0
989,38,5,0
989,39,5,0
989,40,5,0
989,41,5,0
989,42,5,0
989,43,5,0
989,44,5,0
989,45,5,0
989,46,5,0
989,47,5,0
989,48,5,0
989,49,5,0
989,50,5,0
989,51,5,0
989,52,5,0
989,53,5,0
989,54,5,0
989,55,5,0
989,56,5,0
989,57,5,0
989,58,5,0
989,59,5,0
989,60,5,0
989,61,5,0
989,62,5,0
989,63,5,0
989,64,5,0
989,65,5,0
989,66,5,0
989,67,5,0
989,68,5,0
989,69,5,0
989,70,5,0
989,71,5,0
989,72,5,0
989,73,5,0
989,74,5,0
989,75,5,0
989,76,5,0
989,77,5,0
989,78,5,1
989,79,5,0
989,80,5,0
989,81,5,0
989,82,5,0
989,83,5,0
989,84,5,0
989,85,5,1
989,86,5,0
989,87,5,0
989,88,5,0
989,89,5,0
989,90,5,0
989,91,5,0
989,92,5,0
989,93,5,0
989,94,5,0
989,95,5,0
989,96,5,0
989,97,5,0
989,98,5,0
989,99,5,0
989,100,5,0
989,101,5,0
989,102,5,0
989,103,5,0
989,104,5,0
989,105,5,0
989,106,5,0
989,107,5,0
989,108,5,0
989,109,5,0
989,110,5,0
989,111,5,0
989,0,6,0
989,1,6,0
989,2,6,0
989,3,6,0
989,4,6,1
989,5,6,0
989,6,6,0
989,7,6,0
989,8,6,0
989,9,6,0
989,10,6,0
989,11,6,0
989,12,6,0
989,13,6,0
989,14,6,0
989,15,6,0
989,16,6,0
989,17,6,0
989,18,6,0
989,19,6,1
989,20,6,0
989,21,6,0
989,22,6,0
989,23,6,0
989,24,6,0
989,25,6,0
989,26,6,0
989,27,6,0
989,28,6,1
989,29,6,0
989,30,6,0
989,31,6,0
989,32,6,0
989,33,6,0
989,34,6,0
989,35,6,0
989,36,6,1
989,37,6,0
989,38,6,0
989,39,6,0
989,40,6,0
989,41,6,0
989,42,6,0
989,43,6,0
989,44,6,0
989,45,6,0
989,46,6,0
989,47,6,0
989,48,6,0
989,49,6,0
989,50,6,0
989,51,6,0
989,52,6,0
989,53,6,0
989,54,6,0
989,55,6,0
989,56,6,0
989,57,6,0
989,58,6,0
989,59,6,0
989,60,6,0
989,61,6,0
989,62,6,0
989,63,6,0
989,64,6,0
989,65,6,0
989,66,6,0
989,67,6,0
989,68,6,0
989,69,6,0
989,70,6,0
989,71,6,0
989,72,6,0
989,73,6,0
989,74,6,0
989,75,6,0
989,76,6,0
989,77,6,0
989,78,6,0
989,79,6,0
989,80,6,1
989,81,6,0
989,82,6,1
989,83,6,0
989,84,6,0
989,85,6,0
989,86,6,0
989,87,6,0
989,88,6,0
989,89,6,0
989,90,6,0
989,91,6,0
989,92,6,1
989,93,6,0
989,94,6,0
989,95,6,0
989,96,6,0
989,97,6,0
989,98,6,0
989,99,6,0
989,100,6,0
989,101,6,0
989,102,6,0
989,103,6,0
989,104,6,0
989,105,6,0
989,106,6,0
989,107,6,0
989,108,6,0
989,109,6,0
989,110,6,0
989,111,6,0
989,0,7,0
989,1,7,0
989,2,7,0
989,3,7,0
989,4,7,0
989,5,7,0
989,6,7,0
989,7,7,0
989,8,7,0
989,9,7,0
989,10,7,0
989,11,7,0
989,12,7,0
989,13,7,0
989,14,7,0
989,15,7,0
989,16,7,0
989,17,7,0
989,18,7,0
989,19,7,0
989,20,7,0
989,21,7,0
989,22,7,0
989,23,7,0
989,24,7,0
989,25,7,0
989,26,7,0
989,27,7,0
989,28,7,0
989,29,7,0
989,30,7,0
989,31,7,0
989,32,7,0
989,33,7,0
989,34,7,0
989,35,7,0
989,36,7,0
989,37,7,0
989,38,7,0
989,39,7,0
989,40,7,0
989,41,7,0
989,42,7,1
989,43,7,0
989,44,7,0
989,45,7,0
989,46,7,0
989,47,7,0
989,48,7,0
989,49,7,0
989,50,7,0
989,51,7,0
989,52,7,0
989,53,7,0
989,54,7,0
989,55,7,0
989,56,7,0
989,57,7,0
989,58,7,0
989,59,7,0
989,60,7,0
989,61,7,0
989,62,7,0
989,63,7,0
989,64,7,0
989,65,7,0
989,66,7,0
989,67,7,0
989,68,7,0
989,69,7,0
989,70,7,0
989,71,7,0
989,72,7,0
989,73,7,0
989,74,7,0
989,75,7,0
989,76,7,0
989,77,7,0
989,78,7,0
989,79,7,0
989,80,7,0
989,81,7,0
989,82,7,0
989,83,7,0
989,84,7,0
989,85,7,0
989,86,7,0
989,87,7,0
989,88,7,1
989,89,7,0
989,90,7,0
989,91,7,0
989,92,7,0
989,93,7,0
989,94,7,0
989,95,7,0
989,96,7,0
989,97,7,1
989,98,7,0
989,99,7,0
989,100,7,1
989,101,7,0
989,102,7,1
989,103,7,0
989,104,7,0
989,105,7,0
989,106,7,0
989,107,7,0
989,108,7,0
989,109,7,0
989,110,7,0
989,111,7,0
989,0,8,0
989,1,8,0
989,2,8,0
989,3,8,1
989,4,8,0
989,5,8,0
989,6,8,0
989,7,8,0
989,8,8,0
989,9,8,0
989,10,8,0
989,11,8,0
989,12,8,1
989,13,8,0
989,14,8,0
989,15,8,1
989,16,8,0
989,17,8,0
989,18,8,0
989,19,8,0
989,20,8,0
989,21,8,0
989,22,8,0
989,23,8,0
989,24,8,0
989,25,8,0
989,26,8,0
989,27,8,0
989,28,8,0
989,29,8,0
989,30,8,0
989,31,8,0
989,32,8,0
989,33,8,0
989,34,8,0
989,35,8,0
989,36,8,0
989,37,8,0
989,38,8,0
989,39,8,0
989,40,8,0
989,41,8,0
989,42,8,0
989,43,8,1
989,44,8,0
989,45,8,0
989,46,8,0
989,47,8,0
989,48,8,0
989,49,8,0
989,50,8,0
989,51,8,0
989,52,8,0
989,53,8,0
989,54,8,0
989,55,8,0
989,56,8,0
989,57,8,0
989,58,8,0
989,59,8,0
989,60,8,0
989,61,8,0
989,62,8,1
989,63,8,0
989,64,8,0
989,65,8,0
989,66,8,0
989,67,8,0
989,68,8,0
989,69,8,0
989,70,8,0
989,71,8,0
989,72,8,0
989,73,8,0
989,74,8,0
989,75,8,0
989,76,8,1
989,77,8,0
989,78,8,0
989,79,8,0
989,80,8,0
989,81,8,0
989,82,8,0
989,83,8,0
989,84,8,0
989,85,8,0
989,86,8,1
989,87,8,0
989,88,8,0
989,89,8,0
989,90,8,0
989,91,8,0
989,92,8,0
989,93,8,0
989,94,8,0
989,95,8,0
989,96,8,0
989,97,8,0
989,98,8,0
989,99,8,0
989,100,8,0
989,101,8,0
989,102,8,0
989,103,8,0
989,104,8,0
989,105,8,0
989,106,8,0
989,107,8,0
989,108,8,0
989,109,8,0
989,110,8,0
989,111,8,0
989,0,9,0
989,1,9,0
989,2,9,0
989,3,9,0
989,4,9,0
989,5,9,1
989,6,9,1
989,7,9,0
989,8,9,0
989,9,9,0
989,10,9,0
989,11,9,0
989,12,9,0
989,13,9,0
989,14,9,0
989,15,9,0
989,16,9,0
989,17,9,0
989,18,9,0
989,19,9,0
989,20,9,0
989,21,9,0
989,22,9,0
989,23,9,0
989,24,9,0
989,25,9,0
989,26,9,0
989,27,9,0
989,28,9,0
989,29,9,0
989,30,9,0
989,31,9,0
989,32,9,0
989,33,9,0
989,34,9,0
989,35,9,0
989,36,9,0
989,37,9,0
989,38,9,0
989,39,9,0
989,40,9,0
989,41,9,0
989,42,9,0
989,43,9,0
989,44,9,0
989,45,9,0
989,46,9,0
989,47,9,0
989,48,9,0
989,49,9,0
989,50,9,0
989,51,9,0
989,52,9,0
989,53,9,0
989,54,9,0
989,55,9,0
989,56,9,0
989,57,9,0
989,58,9,0
989,59,9,0
989,60,9,0
989,61,9,0
989,62,9,0
989,63,9,0
989,64,9,0
989,65,9,0
989,66,9,0
989,67,9,0
989,68,9,0
989,69,9,0
989,70,9,0
989,71,9,0
989,72,9,0
989,73,9,0
989,74,9,0
989,75,9,0
989,76,9,0
989,77,9,0
989,78,9,0
989,79,9,0
989,80,9,0
989,81,9,0
989,82,9,0
989,83,9,0
989,84,9,0
989,85,9,0
989,86,9,0
989,87,9,0
989,88,9,0
989,89,9,0
989,90,9,0
989,91,9,1
989,92,9,0
989,93,9,0
989,94,9,0
989,95,9,0
989,96,9,0
989,97,9,0
989,98,9,0
989,99,9,0
989,100,9,0
989,101,9,0
989,102,9,0
989,103,9,0
989,104,9,0
989,105,9,0
989,106,9,0
989,107,9,0
989,108,9,0
989,109,9,0
989,110,9,0
989,111,9,0
989,0,10,0
989,1,10,0
989,2,10,0
989,3,10,0
989,4,10,0
989,5,10,0
989,6,10,0
989,7,10,0
989,8,10,0
989,9,10,0
989,10,10,0
989,11,10,0
989,12,10,0
989,13,10,0
989,14,10,0
989,15,10,0
989,16,10,0
989,17,10,0
989,18,10,0
989,19,10,0
989,20,10,0
989,21,10,0
989,22,10,0
989,23,10,0
989,24,10,0
989,25,10,0
989,26,10,0
989,27,10,0
989,28,10,0
989,29,10,0
989,30,10,0
989,31,10,0
989,32,10,0
989,33,10,0
989,34,10,1
989,35,10,0
989,36,10,0
989,37,10,0
989,38,10,0
989,39,10,0
989,40,10,0
989,41,10,0
989,42,10,0
989,43,10,0
989,44,10,0
989,45,10,0
989,46,10,0
989,47,10,0
989,48,10,0
989,49,10,0
989,50,10,0
989,51,10,0
989,52,10,0
989,53,10,0
989,54,10,0
989,55,10,1
989,56,10,0
989,57,10,0
989,58,10,0
989,59,10,0
989,60,10,0
989,61,10,0
989,62,10,0
989,63,10,0
989,64,10,0
989,65,10,0
989,66,10,0
989,67,10,0
989,68,10,1
989,69,10,0
989,70,10,0
989,71,10,0
989,72,10,0
989,73,10,0
989,74,10,0
989,75,10,0
989,76,10,1
989,77,10,0
989,78,10,0
989,79,10,0
989,80,10,0
989,81,10,0
989,82,10,0
989,83,10,0
989,84,10,0
989,85,10,0
989,86,10,0
989,87,10,0
989,88,10,0
989,89,10,0
989,90,10,0
989,91,10,0
989,92,10,0
989,93,10,0
989,94,10,0
989,95,10,0
989,96,10,0
989,97,10,0
989,98,10,0
989,99,10,0
989,100,10,0
989,101,10,0
989,102,10,0
989,103,10,0
989,104,10,0
989,105,10,0
989,106,10,0
989,107,10,1
989,108,10,0
989,109,10,0
989,110,10,0
989,111,10,0
989,0,11,0
989,1,11,0
989,2,11,0
989,3,11,0
989,4,11,1
989,5,11,1
989,6,11,0
989,7,11,0
989,8,11,0
989,9,11,0
989,10,11,0
989,11,11,0
989,12,11,0
989,13,11,0
989,14,11,0
989,15,11,0
989,16,11,0
989,17,11,0
989,18,11,0
989,19,11,0
989,20,11,0
989,21,11,0
989,22,11,0
989,23,11,0
989,24,11,0
989,25,11,0
989,26,11,0
989,27,11,0
989,28,11,0
989,29,11,0
989,30,11,0
989,31,11,0
989,32,11,0
989,33,11,0
989,34,11,0
989,35,11,0
989,36,11,0
989,37,11,0
989,38,11,1
989,39,11,0
989,40,11,0
989,41,11,0
989,42,11,0
989,43,11,0
989,44,11,0
989,45,11,0
989,46,11,0
989,47,11,1
989,48,11,0
989,49,11,0
989,50,11,0
989,51,11,0
989,52,11,0
989,53,11,0
989,54,11,0
989,55,11,0
989,56,11,0
989,57,11,0
989,58,11,0
989,59,11,0
989,60,11,0
989,61,11,0
989,62,11,0
989,63,11,1
989,64,11,1
989,65,11,1
989,66,11,0
989,67,11,0
989,68,11,0
989,69,11,0
989,70,11,0
989,71,11,0
989,72,11,0
989,73,11,0
989,74,11,0
989,75,11,0
989,76,11,0
989,77,11,0
989,78,11,0
989,79,11,0
989,80,11,0
989,81,11,0
989,82,11,0
989,83,11,0
989,84,11,0
989,85,11,0
989,86,11,0
989,87,11,1
989,88,11,0
989,89,11,0
989,90,11,0
989,91,11,0
989,92,11,0
989,93,11,0
989,94,11,0
989,95,11,0
989,96,11,0
989,97,11,0
989,98,11,0
989,99,11,0
989,100,11,0
989,101,11,0
989,102,11,0
989,103,11,0
989,104,11,0
989,105,11,0
989,106,11,0
989,107,11,0
989,108,11,0
989,109,11,0
989,110,11,0
989,111,11,0
989,0,12,0
989,1,12,0
989,2,12,0
989,3,12,0
989,4,12,0
989,5,12,0
989,6,12,0
989,7,12,0
989,8,12,0
989,9,12,0
989,10,12,0
989,11,12,1
989,12,12,0
989,13,12,0
989,14,12,0
989,15,12,0
989,16,12,0
989,17,12,0
989,18,12,0
989,19,12,0
989,20,12,0
989,21,12,0
989,22,12,0
989,23,12,0
989,24,12,0
989,25,12,1
989,26,12,0
989,27,12,0
989,28,12,0
989,29,12,0
989,30,12,0
989,31,12,0
989,32,12,0
989,33,12,0
989,34,12,0
989,35,12,0
989,36,12,0
989,37,12,0
989,38,12,0
989,39,12,0
989,40,12,0
989,41,12,0
989,42,12,0
989,43,12,0
989,44,12,0
989,45,12,0
989,46,12,0
989,47,12,0
989,48,12,0
989,49,12,0
989,50,12,0
989,51,12,0
989,52,12,0
989,53,12,0
989,54,12,1
989,55,12,1
989,56,12,0
989,57,12,0
989,58,12,0
989,59,12,0
989,60,12,0
989,61,12,0
989,62,12,0
989,63,12,0
989,64,12,0
989,65,12,0
989,66,12,0
989,67,12,0
989,68,12,0
989,69,12,0
989,70,12,0
989,71,12,0
989,72,12,0
989,73,12,0
989,74,12,0
989,75,12,0
989,76,12,0
989,77,12,0
989,78,12,0
989,79,12,0
989,80,12,0
989,81,12,0
989,82,12,0
989,83,12,0
989,84,12,0
989,85,12,0
989,86,12,0
989,87,12,0
989,88,12,0
989,89,12,0
989,90,12,0
989,91,12,0
989,92,12,0
989,93,12,0
989,94,12,0
989,95,12,0
989,96,12,0
989,97,12,0
989,98,12,0
989,99,12,0
989,100,12,0
989,101,12,0
989,102,12,0
989,103,12,0
989,104,12,0
989,105,12,0
989,106,12,0
989,107,12,0
989,108,12,1
989,109,12,0
989,110,12,1
989,111,12,0
989,0,13,0
989,1,13,0
989,2,13,0
989,3,13,0
989,4,13,0
989,5,13,0
989,6,13,0
989,7,13,0
989,8,13,0
989,9,13,0
989,10,13,0
989,11,13,0
989,12,13,0
989,13,13,0
989,14,13,0
989,15,13,0
989,16,13,0
989,17,13,0
989,18,13,0
989,19,13,0
989,20,13,0
989,21,13,0
989,22,13,0
989,23,13,0
989,24,13,0
989,25,13,0
989,26,13,0
989,27,13,0
989,28,13,0
989,29,13,0
989,30,13,0
989,31,13,0
989,32,13,0
989,33,13,0
989,34,13,0
989,35,13,0
989,36,13,0
989,37,13,0
989,38,13,0
989,39,13,0
989,40,13,0
989,41,13,0
989,42,13,0
989,43,13,0
989,44,13,0
989,45,13,0
989,46,13,0
989,47,13,0
989,48,13,0
989,49,13,0
989,50,13,0
989,51,13,1
989,52,13,0
989,53,13,0
989,54,13,1
989,55,13,0
989,56,13,0
989,57,13,0
989,58,13,0
989,59,13,0
989,60,13,0
989,61,13,0
989,62,13,0
989,63,13,0
989,64,13,0
989,65,13,0
989,66,13,0
989,67,13,0
989,68,13,0
989,69,13,0
989,70,13,0
989,71,13,0
989,72,13,0
989,73,13,0
989,74,13,0
989,75,13,0
989,76,13,0
989,77,13,1
989,78,13,0
989,79,13,0
989,80,13,0
989,81,13,0
989,82,13,0
989,83,13,0
989,84,13,0
989,85,13,0
989,86,13,0
989,87,13,0
989,88,13,0
989,89,13,0
989,90,13,0
989,91,13,0
989,92,13,0
989,93,13,0
989,94,13,0
989,95,13,0
989,96,13,0
989,97,13,0
989,98,13,0
989,99,13,0
989,100,13,0
989,101,13,0
989,102,13,0
989,103,13,0
989,104,13,0
989,105,13,0
989,106,13,0
989,107,13,0
989,108,13,0
989,109,13,1
989,110,13,1
989,111,13,0
989,0,14,0
989,1,14,0
989,2,14,0
989,3,14,0
989,4,14,0
989,5,14,0
989,6,14,0
989,7,14,0
989,8,14,0
989,9,14,0
989,10,14,0
989,11,14,1
989,12,14,0
989,13,14,0
989,14,14,0
989,15,14,0
989,16,14,0
989,17,14,0
989,18,14,0
989,19,14,0
989,20,14,0
989,21,14,0
989,22,14,0
989,23,14,0
989,24,14,0
989,25,14,0
989,26,14,0
989,27,14,0
989,28,14,0
989,29,14,0
989,30,14,0
989,31,14,0
989,32,14,0
989,33,14,0
989,34,14,0
989,35,14,0
989,36,14,0
989,37,14,0
989,38,14,0
989,39,14,0
989,40,14,1
989,41,14,0
989,42,14,0
989,43,14,0
989,44,14,1
989,45,14,0
989,46,14,0
989,47,14,0
989,48,14,0
989,49,14,0
989,50,14,0
989,51,14,0
989,52,14,0
989,53,14,0
989,54,14,0
989,55,14,0
989,56,14,0
989,57,14,0
989,58,14,0
989,59,14,0
989,60,14,0
989,61,14,0
989,62,14,0
989,63,14,0
989,64,14,0
989,65,14,0
989,66,14,0
989,67,14,0
989,68,14,0
989,69,14,0
989,70,14,0
989,71,14,0
989,72,14,0
989,73,14,0
989,74,14,0
989,75,14,0
989,76,14,0
989,77,14,0
989,78,14,0
989,79,14,1
989,80,14,0
989,81,14,0
989,82,14,0
989,83,14,0
989,84,14,0
989,85,14,0
989,86,14,0
989,87,14,0
989,88,14,0
989,89,14,1
989,90,14,0
989,91,14,0
989,92,14,0
989,93,14,1
989,94,14,0
989,95,14,0
989,96,14,0
989,97,14,0
989,98,14,0
989,99,14,0
989,100,14,0
989,101,14,0
989,102,14,0
989,103,14,0
989,104,14,0
989,105,14,0
989,106,14,0
989,107,14,0
989,108,14,0
989,109,14,0
989,110,14,0
989,111,14,0
989,0,15,0
989,1,15,0
989,2,15,0
989,3,15,0
989,4,15,0
989,5,15,0
989,6,15,0
989,7,15,1
989,8,15,0
989,9,15,0
989,10,15,0
989,11,15,0
989,12,15,0
989,13,15,0
989,14,15,0
989,15,15,0
989,16,15,0
989,17,15,0
989,18,15,1
989,19,15,0
989,20,15,0
989,21,15,0
989,22,15,0
989,23,15,0
989,24,15,0
989,25,15,0
989,26,15,0
989,27,15,0
989,28,15,0
989,29,15,0
989,30,15,1
989,31,15,0
989,32,15,0
989,33,15,0
989,34,15,0
989,35,15,0
989,36,15,0
989,37,15,0
989,38,15,0
989,39,15,0
989,40,15,0
989,41,15,0
989,42,15,0
989,43,15,0
989,44,15,0
989,45,15,0
989,46,15,0
989,47,15,0
989,48,15,0
989,49,15,0
989,50,15,1
989,51,15,0
989,52,15,0
989,53,15,0
989,54,15,0
989,55,15,0
989,56,15,0
989,57,15,0
989,58,15,0
989,59,15,0
989,60,15,0
989,61,15,1
989,62,15,0
989,63,15,0
989,64,15,0
989,65,15,0
989,66,15,0
989,67,15,0
989,68,15,0
989,69,15,1
989,70,15,0
989,71,15,0
989,72,15,0
989,73,15,0
989,74,15,0
989,75,15,0
989,76,15,0
989,77,15,0
989,78,15,0
989,79,15,0
989,80,15,0
989,81,15,0
989,82,15,0
989,83,15,0
989,84,15,0
989,85,15,0
989,86,15,0
989,87,15,1
989,88,15,0
989,89,15,0
989,90,15,0
989,91,15,0
989,92,15,0
989,93,15,0
989,94,15,0
989,95,15,0
989,96,15,0
989,97,15,0
989,98,15,0
989,99,15,0
989,100,15,0
989,101,15,0
989,102,15,0
989,103,15,0
989,104,15,0
989,105,15,0
989,106,15,0
989,107,15,0
989,108,15,0
989,109,15,0
989,110,15,0
989,111,15,0
989,0,16,0
989,1,16,0
989,2,16,0
989,3,16,0
989,4,16,0
989,5,16,0
989,6,16,0
989,7,16,0
989,8,16,0
989,9,16,0
989,10,16,1
989,11,16,0
989,12,16,0
989,13,16,0
989,14,16,0
989,15,16,0
989,16,16,0
989,17,16,0
989,18,16,0
989,19,16,1
989,20,16,0
989,21,16,0
989,22,16,0
989,23,16,0
989,24,16,0
989,25,16,0
989,26,16,0
989,27,16,0
989,28,16,0
989,29,16,0
989,30,16,0
989,31,16,0
989,32,16,0
989,33,16,0
989,34,16,0
989,35,16,0
989,36,16,0
989,37,16,0
989,38,16,0
989,39,16,0
989,40,16,1
989,41,16,0
989,42,16,1
989,43,16,0
989,44,16,0
989,45,16,0
989,46,16,0
989,47,16,0
989,48,16,0
989,49,16,0
989,50,16,0
989,51,16,0
989,52,16,0
989,53,16,0
989,54,16,0
989,55,16,0
989,56,16,0
989,57,16,0
989,58,16,1
989,59,16,0
989,60,16,0
989,61,16,0
989,62,16,0
989,63,16,0
989,64,16,0
989,65,16,0
989,66,16,0
989,67,16,0
989,68,16,1
989,69,16,0
989,70,16,0
989,71,16,0
989,72,16,0
989,73,16,0
989,74,16,0
989,75,16,0
989,76,16,0
989,77,16,0
989,78,16,0
989,79,16,0
989,80,16,0
989,81,16,0
989,82,16,0
989,83,16,0
989,84,16,0
989,85,16,0
989,86,16,0
989,87,16,0
989,88,16,0
989,89,16,0
989,90,16,0
989,91,16,0
989,92,16,0
989,93,16,0
989,94,16,1
989,95,16,0
989,96,16,0
989,97,16,0
989,98,16,0
989,99,16,1
989,100,16,0
989,101,16,0
989,102,16,0
989,103,16,0
989,104,16,0
989,105,16,0
989,106,16,0
989,107,16,0
989,108,16,0
989,109,16,0
989,110,16,0
989,111,16,0
989,0,17,0
989,1,17,0
989,2,17,0
989,3,17,1
989,4,17,0
989,5,17,0
989,6,17,0
989,7,17,0
989,8,17,0
989,9,17,0
989,10,17,0
989,11,17,0
989,12,17,0
989,13,17,0
989,14,17,0
989,15,17,0
989,16,17,0
989,17,17,0
989,18,17,0
989,19,17,0
989,20,17,0
989,21,17,0
989,22,17,0
989,23,17,0
989,24,17,0
989,25,17,0
989,26,17,0
989,27,17,0
989,28,17,0
989,29,17,0
989,30,17,0
989,31,17,1
989,32,17,1
989,33,17,0
989,34,17,0
989,35,17,0
989,36,17,0
989,37,17,0
989,38,17,0
989,39,17,0
989,40,17,0
989,41,17,0
989,42,17,0
989,43,17,0
989,44,17,0
989,45,17,0
989,46,17,0
989,47,17,0
989,48,17,0
989,49,17,0
989,50,17,0
989,51,17,0
989,52,17,0
989,53,17,0
989,54,17,0
989,55,17,0
989,56,17,0
989,57,17,0
989,58,17,0
989,59,17,0
989,60,17,0
989,61,17,0
989,62,17,0
989,63,17,0
989,64,17,0
989,65,17,0
989,66,17,0
989,67,17,1
989,68,17,0
989,69,17,0
989,70,17,1
989,71,17,0
989,72,17,0
989,73,17,0
989,74,17,0
989,75,17,0
989,76,17,0
989,77,17,0
989,78,17,0
989,79,17,0
989,80,17,0
989,81,17,0
989,82,17,0
989,83,17,0
989,84,17,1
989,85,17,0
989,86,17,1
989,87,17,0
989,88,17,0
989,89,17,0
989,90,17,0
989,91,17,0
989,92,17,0
989,93,17,0
989,94,17,0
989,95,17,1
989,96,17,0
989,97,17,0
989,98,17,0
989,99,17,0
989,100,17,0
989,101,17,0
989,102,17,0
989,103,17,0
989,104,17,0
989,105,17,0
989,106,17,0
989,107,17,0
989,108,17,0
989,109,17,0
989,110,17,0
989,111,17,0
989,0,18,0
989,1,18,0
989,2,18,0
989,3,18,0
989,4,18,0
989,5,18,0
989,6,18,0
989,7,18,0
989,8,18,0
989,9,18,0
989,10,18,0
989,11,18,0
989,12,18,0
989,13,18,0
989,14,18,0
989,15,18,1
989,16,18,0
989,17,18,0
989,18,18,0
989,19,18,0
989,20,18,1
989,21,18,0
989,22,18,0
989,23,18,0
989,24,18,0
989,25,18,0
989,26,18,0
989,27,18,0
989,28,18,0
989,29,18,0
989,30,18,0
989,31,18,0
989,32,18,0
989,33,18,0
989,34,18,0
989,35,18,0
989,36,18,0
989,37,18,0
989,38,18,0
989,39,18,0
989,40,18,0
989,41,18,0
989,42,18,0
989,43,18,0
989,44,18,0
989,45,18,0
989,46,18,0
989,47,18,0
989,48,18,1
989,49,18,0
989,50,18,0
989,51,18,0
989,52,18,0
989,53,18,0
989,54,18,0
989,55,18,1
989,56,18,0
989,57,18,0
989,58,18,0
989,59,18,0
989,60,18,0
989,61,18,1
989,62,18,0
989,63,18,0
989,64,18,0
989,65,18,0
989,66,18,0
989,67,18,0
989,68,18,0
989,69,18,0
989,70,18,0
989,71,18,0
989,72,18,0
989,73,18,0
989,74,18,0
989,75,18,0
989,76,18,1
989,77,18,0
989,78,18,0
989,79,18,1
989,80,18,0
989,81,18,0
989,82,18,0
989,83,18,0
989,84,18,0
989,85,18,0
989,86,18,0
989,87,18,0
989,88,18,0
989,89,18,0
989,90,18,0
989,91,18,0
989,92,18,0
989,93,18,0
989,94,18,0
989,95,18,0
989,96,18,0
989,97,18,0
989,98,18,1
989,99,18,0
989,100,18,0
989,101,18,0
989,102,18,0
989,103,18,0
989,104,18,0
989,105,18,0
989,106,18,0
989,107,18,1
989,108,18,1
989,109,18,0
989,110,18,0
989,111,18,0
989,0,19,0
989,1,19,0
989,2,19,0
989,3,19,0
989,4,19,0
989,5,19,0
989,6,19,0
989,7,19,0
989,8,19,0
989,9,19,0
989,10,19,0
989,11,19,0
989,12,19,0
989,13,19,0
989,14,19,0
989,15,19,0
989,16,19,0
989,17,19,0
989,18,19,0
989,19,19,0
989,20,19,0
989,21,19,0
989,22,19,0
989,23,19,0
989,24,19,0
989,25,19,0
989,26,19,0
989,27,19,0
989,28,19,0
989,29,19,0
989,30,19,0
989,31,19,0
989,32,19,0
989,33,19,0
989,34,19,0
989,35,19,0
989,36,19,0
989,37,19,0
989,38,19,0
989,39,19,1
989,40,19,0
989,41,19,0
989,42,19,0
989,43,19,0
989,44,19,0
989,45,19,0
989,46,19,0
989,47,19,0
989,48,19,0
989,49,19,1
989,50,19,0
989,51,19,0
989,52,19,0
989,53,19,0
989,54,19,0
989,55,19,0
989,56,19,0
989,57,19,0
989,58,19,1
989,59,19,0
989,60,19,0
989,61,19,0
989,62,19,0
989,63,19,0
989,64,19,0
989,65,19,0
989,66,19,0
989,67,19,0
989,68,19,0
989,69,19,0
989,70,19,0
989,71,19,0
989,72,19,0
989,73,19,0
989,74,19,0
989,75,19,0
989,76,19,0
989,77,19,0
989,78,19,1
989,79,19,0
989,80,19,0
989,81,19,0
989,82,19,0
989,83,19,0
989,84,19,0
989,85,19,0
989,86,19,0
989,87,19,0
989,88,19,0
989,89,19,0
989,90,19,0
989,91,19,0
989,92,19,0
989,93,19,0
989,94,19,0
989,95,19,0
989,96,19,0
989,97,19,0
989,98,19,0
989,99,19,0
989,100,19,0
989,101,19,0
989,102,19,0
989,103,19,0
989,104,19,0
989,105,19,0
989,106,19,0
989,107,19,0
989,108,19,0
989,109,19,0
989,110,19,0
989,111,19,0
989,0,20,0
989,1,20,0
989,2,20,0
989,3,20,0
989,4,20,0
989,5,20,1
989,6,20,1
989,7,20,0
989,8,20,0
989,9,20,0
989,10,20,0
989,11,20,0
989,12,20,0
989,13,20,0
989,14,20,0
989,15,20,0
989,16,20,0
989,17,20,1
989,18,20,0
989,19,20,0
989,20,20,0
989,21,20,0
989,22,20,0
989,23,20,0
989,24,20,0
989,25,20,0
989,26,20,0
989,27,20,0
989,28,20,0
989,29,20,0
989,30,20,0
989,31,20,1
989,32,20,0
989,33,20,0
989,34,20,0
989,35,20,0
989,36,20,0
989,37,20,0
989,38,20,0
989,39,20,0
989,40,20,0
989,41,20,0
989,42,20,0
989,43,20,0
989,44,20,0
989,45,20,0
989,46,20,0
989,47,20,0
989,48,20,0
989,49,20,0
989,50,20,0
989,51,20,0
989,52,20,0
989,53,20,0
989,54,20,0
989,55,20,0
989,56,20,0
989,57,20,0
989,58,20,0
989,59,20,0
989,60,20,0
989,61,20,0
989,62,20,1
989,63,20,0
989,64,20,0
989,65,20,0
989,66,20,0
989,67,20,0
989,68,20,0
989,69,20,0
989,70,20,0
989,71,20,0
989,72,20,0
989,73,20,0
989,74,20,0
989,75,20,0
989,76,20,0
989,77,20,0
989,78,20,0
989,79,20,1
989,80,20,0
989,81,20,0
989,82,20,0
989,83,20,0
989,84,20,0
989,85,20,0
989,86,20,0
989,87,20,0
989,88,20,0
989,89,20,0
989,90,20,0
989,91,20,0
989,92,20,0
989,93,20,0
989,94,20,0
989,95,20,0
989,96,20,0
989,97,20,0
989,98,20,0
989,99,20,0
989,100,20,0
989,101,20,0
989,102,20,0
989,103,20,0
989,104,20,1
989,105,20,0
989,106,20,1
989,107,20,0
989,108,20,0
989,109,20,0
989,110,20,0
989,111,20,0
989,0,21,0
989,1,21,1
989,2,21,0
989,3,21,0
989,4,21,0
989,5,21,0
989,6,21,0
989,7,21,0
989,8,21,0
989,9,21,0
989,10,21,0
989,11,21,0
989,12,21,1
989,13,21,0
989,14,21,0
989,15,21,0
989,16,21,0
989,17,21,0
989,18,21,0
989,19,21,0
989,20,21,0
989,21,21,0
989,22,21,0
989,23,21,0
989,24,21,0
989,25,21,0
989,26,21,0
989,27,21,0
989,28,21,0
989,29,21,0
989,30,21,0
989,31,21,0
989,32,21,0
989,33,21,0
989,34,21,0
989,35,21,0
989,36,21,0
989,37,21,0
989,38,21,0
989,39,21,0
989,40,21,0
989,41,21,0
989,42,21,0
989,43,21,0
989,44,21,1
989,45,21,0
989,46,21,0
989,47,21,0
989,48,21,0
989,49,21,0
989,50,21,0
989,51,21,0
989,52,21,0
989,53,21,0
989,54,21,0
989,55,21,0
989,56,21,0
989,57,21,0
989,58,21,0
989,59,21,0
989,60,21,0
989,61,21,0
989,62,21,0
989,63,21,0
989,64,21,1
989,65,21,0
989,66,21,0
989,67,21,0
989,68,21,0
989,69,21,0
989,70,21,0
989,71,21,0
989,72,21,0
989,73,21,0
989,74,21,0
989,75,21,0
989,76,21,0
989,77,21,0
989,78,21,0
989,79,21,0
989,80,21,0
989,81,21,0
989,82,21,0
989,83,21,0
989,84,21,1
989,85,21,0
989,86,21,0
989,87,21,0
989,88,21,0
989,89,21,0
989,90,21,0
989,91,21,0
989,92,21,0
989,93,21,1
989,94,21,1
989,95,21,0
989,96,21,0
989,97,21,0
989,98,21,0
989,99,21,0
989,100,21,0
989,101,21,0
989,102,21,0
989,103,21,0
989,104,21,0
989,105,21,0
989,106,21,0
989,107,21,0
989,108,21,0
989,109,21,0
989,110,21,0
989,111,21,0
989,0,22,0
989,1,22,0
989,2,22,0
989,3,22,0
989,4,22,0
989,5,22,0
989,6,22,0
989,7,22,0
989,8,22,0
989,9,22,0
989,10,22,0
989,11,22,0
989,12,22,1
989,13,22,0
989,14,22,0
989,15,22,0
989,16,22,0
989,17,22,0
989,18,22,0
989,19,22,0
989,20,22,0
989,21,22,0
989,22,22,0
989,23,22,0
989,24,22,0
989,25,22,0
989,26,22,0
989,27,22,0
989,28,22,0
989,29,22,0
989,30,22,0
989,31,22,0
989,32,22,0
989,33,22,0
989,34,22,0
989,35,22,0
989,36,22,0
989,37,22,0
989,38,22,0
989,39,22,0
989,40,22,1
989,41,22,0
989,42,22,0
989,43,22,1
989,44,22,0
989,45,22,0
989,46,22,0
989,47,22,0
989,48,22,0
989,49,22,1
989,50,22,0
989,51,22,0
989,52,22,0
989,53,22,0
989,54,22,0
989,55,22,0
989,56,22,0
989,57,22,0
989,58,22,0
989,59,22,0
989,60,22,0
989,61,22,0
989,62,22,1
989,63,22,0
989,64,22,0
989,65,22,0
989,66,22,0
989,67,22,0
989,68,22,0
989,69,22,0
989,70,22,0
989,71,22,0
989,72,22,0
989,73,22,0
989,74,22,0
989,75,22,0
989,76,22,0
989,77,22,0
989,78,22,0
989,79,22,0
989,80,22,0
989,81,22,0
989,82,22,0
989,83,22,0
989,84,22,0
989,85,22,1
989,86,22,0
989,87,22,0
989,88,22,0
989,89,22,0
989,90,22,0
989,91,22,0
989,92,22,0
989,93,22,0
989,94,22,0
989,95,22,0
989,96,22,0
989,97,22,0
989,98,22,0
989,99,22,0
989,100,22,0
989,101,22,0
989,102,22,0
989,103,22,0
989,104,22,0
989,105,22,0
989,106,22,0
989,107,22,0
989,108,22,0
989,109,22,0
989,110,22,0
989,111,22,0
989,0,23,0
989,1,23,0
989,2,23,0
989,3,23,0
989,4,23,0
989,5,23,0
989,6,23,0
989,7,23,0
989,8,23,0
989,9,23,0
989,10,23,0
989,11,23,0
989,12,23,0
989,13,23,0
989,14,23,0
989,15,23,0
989,16,23,0
989,17,23,0
989,18,23,0
989,19,23,0
989,20,23,0
989,21,23,0
989,22,23,0
989,23,23,0
989,24,23,0
989,25,23,0
989,26,23,0
989,27,23,0
989,28,23,0
989,29,23,0
989,30,23,0
989,31,23,0
989,32,23,0
989,33,23,0
989,34,23,0
989,35,23,0
989,36,23,0
989,37,23,0
989,38,23,0
989,39,23,0
989,40,23,0
989,41,23,0
989,42,23,0
989,43,23,0
989,44,23,0
989,45,23,0
989,46,23,0
989,47,23,0
989,48,23,0
989,49,23,0
989,50,23,0
989,51,23,0
989,52,23,0
989,53,23,0
989,54,23,0
989,55,23,0
989,56,23,0
989,57,23,0
989,58,23,0
989,59,23,0
989,60,23,0
989,61,23,0
989,62,23,0
989,63,23,0
989,64,23,0
989,65,23,0
989,66,23,0
989,67,23,0
989,68,23,0
989,69,23,1
989,70,23,0
989,71,23,0
989,72,23,0
989,73,23,0
989,74,23,0
989,75,23,0
989,76,23,0
989,77,23,0
989,78,23,0
989,79,23,0
989,80,23,0
989,81,23,0
989,82,23,1
989,83,23,0
989,84,23,0
989,85,23,0
989,86,23,0
989,87,23,0
989,88,23,0
989,89,23,0
989,90,23,0
989,91,23,0
989,92,23,0
989,93,23,0
989,94,23,0
989,95,23,0
989,96,23,0
989,97,23,0
989,98,23,0
989,99,23,0
989,100,23,0
989,101,23,0
989,102,23,0
989,103,23,0
989,104,23,0
989,105,23,0
989,106,23,0
989,107,23,0
989,108,23,0
989,109,23,0
989,110,23,0
989,111,23,0
989,0,24,1
989,1,24,0
989,2,24,1
989,3,24,0
989,4,24,0
989,5,24,0
989,6,24,0
989,7,24,0
989,8,24,0
989,9,24,0
989,10,24,0
989,11,24,0
989,12,24,0
989,13,24,0
989,14,24,0
989,15,24,0
989,16,24,0
989,17,24,0
989,18,24,0
989,19,24,0
989,20,24,0
989,21,24,0
989,22,24,0
989,23,24,0
989,24,24,0
989,25,24,0
989,26,24,0
989,27,24,0
989,28,24,0
989,29,24,0
989,30,24,0
989,31,24,0
989,32,24,0
989,33,24,0
989,34,24,0
989,35,24,0
989,36,24,0
989,37,24,0
989,38,24,0
989,39,24,0
989,40,24,0
989,41,24,0
989,42,24,0
989,43,24,0
989,44,24,0
989,45,24,0
989,46,24,0
989,47,24,0
989,48,24,0
989,49,24,0
989,50,24,0
989,51,24,0
989,52,24,0
989,53,24,0
989,54,24,0
989,55,24,0
989,56,24,0
989,57,24,0
989,58,24,1
989,59,24,0
989,60,24,0
989,61,24,0
989,62,24,0
989,63,24,0
989,64,24,1
989,65,24,0
989,66,24,0
989,67,24,0
989,68,24,0
989,69,24,0
989,70,24,0
989,71,24,0
989,72,24,0
989,73,24,0
989,74,24,0
989,75,24,0
989,76,24,0
989,77,24,0
989,78,24,0
989,79,24,0
989,80,24,0
989,81,24,0
989,82,24,0
989,83,24,0
989,84,24,0
989,85,24,0
989,86,24,0
989,87,24,0
989,88,24,0
989,89,24,0
989,90,24,0
989,91,24,0
989,92,24,0
989,93,24,0
989,94,24,0
989,95,24,0
989,96,24,0
989,97,24,0
989,98,24,0
989,99,24,1
989,100,24,0
989,101,24,0
989,102,24,0
989,103,24,0
989,104,24,0
989,105,24,0
989,106,24,0
989,107,24,0
989,108,24,0
989,109,24,0
989,110,24,0
989,111,24,1
989,0,25,0
989,1,25,0
989,2,25,0
989,3,25,1
989,4,25,0
989,5,25,0
989,6,25,0
989,7,25,0
989,8,25,0
989,9,25,0
989,10,25,0
989,11,25,0
989,12,25,1
989,13,25,0
989,14,25,0
989,15,25,0
989,16,25,0
989,17,25,0
989,18,25,0
989,19,25,0
989,20,25,0
989,21,25,0
989,22,25,0
989,23,25,0
989,24,25,0
989,25,25,0
989,26,25,0
989,27,25,0
989,28,25,0
989,29,25,0
989,30,25,0
989,31,25,0
989,32,25,0
989,33,25,0
989,34,25,0
989,35,25,0
989,36,25,0
989,37,25,0
989,38,25,0
989,39,25,0
989,40,25,0
989,41,25,0
989,42,25,0
989,43,25,0
989,44,25,0
989,45,25,0
989,46,25,0
989,47,25,0
989,48,25,0
989,49,25,0
989,50,25,0
989,51,25,0
989,52,25,0
989,53,25,0
989,54,25,0
989,55,25,0
989,56,25,0
989,57,25,0
989,58,25,0
989,59,25,0
989,60,25,0
989,61,25,0
989,62,25,0
989,63,25,0
989,64,25,0
989,65,25,0
989,66,25,0
989,67,25,0
989,68,25,0
989,69,25,0
989,70,25,0
989,71,25,0
989,72,25,0
989,73,25,0
989,74,25,0
989,75,25,0
989,76,25,0
989,77,25,0
989,78,25,0
989,79,25,0
989,80,25,0
989,81,25,0
989,82,25,0
989,83,25,0
989,84,25,0
989,85,25,0
989,86,25,0
989,87,25,0
989,88,25,1
989,89,25,0
989,90,25,0
989,91,25,0
989,92,25,0
989,93,25,0
989,94,25,0
989,95,25,0
989,96,25,0
989,97,25,0
989,98,25,0
989,99,25,0
989,100,25,0
989,101,25,0
989,102,25,0
989,103,25,1
989,104,25,0
989,105,25,0
989,106,25,1
989,107,25,0
989,108,25,0
989,109,25,0
989,110,25,0
989,111,25,0
989,0,26,0
989,1,26,0
989,2,26,0
989,3,26,0
989,4,26,0
989,5,26,0
989,6,26,0
989,7,26,0
989,8,26,0
989,9,26,0
989,10,26,0
989,11,26,0
989,12,26,0
989,13,26,0
989,14,26,0
989,15,26,0
989,16,26,0
989,17,26,0
989,18,26,0
989,19,26,0
989,20,26,0
989,21,26,0
989,22,26,0
989,23,26,0
989,24,26,0
989,25,26,1
989,26,26,0
989,27,26,0
989,28,26,0
989,29,26,0
989,30,26,0
989,31,26,0
989,32,26,0
989,33,26,0
989,34,26,0
989,35,26,0
989,36,26,0
989,37,26,0
989,38,26,0
989,39,26,0
989,40,26,0
989,41,26,0
989,42,26,0
989,43,26,0
989,44,26,0
989,45,26,0
989,46,26,0
989,47,26,0
989,48,26,0
989,49,26,1
989,50,26,0
989,51,26,0
989,52,26,0
989,53,26,0
989,54,26,0
989,55,26,0
989,56,26,0
989,57,26,0
989,58,26,0
989,59,26,0
989,60,26,0
989,61,26,0
989,62,26,0
989,63,26,0
989,64,26,0
989,65,26,0
989,66,26,0
989,67,26,0
989,68,26,0
989,69,26,0
989,70,26,0
989,71,26,0
989,72,26,0
989,73,26,0
989,74,26,0
989,75,26,0
989,76,26,0
989,77,26,0
989,78,26,0
989,79,26,1
989,80,26,0
989,81,26,0
989,82,26,0
989,83,26,0
989,84,26,1
989,85,26,0
989,86,26,0
989,87,26,0
989,88,26,0
989,89,26,0
989,90,26,0
989,91,26,0
989,92,26,0
989,93,26,0
989,94,26,0
989,95,26,0
989,96,26,0
989,97,26,0
989,98,26,0
989,99,26,0
989,100,26,0
989,101,26,0
989,102,26,0
989,103,26,0
989,104,26,0
989,105,26,0
989,106,26,0
989,107,26,0
989,108,26,0
989,109,26,0
989,110,26,0
989,111,26,0
989,0,27,0
989,1,27,0
989,2,27,0
989,3,27,0
989,4,27,0
989,5,27,0
989,6,27,0
989,7,27,0
989,8,27,0
989,9,27,0
989,10,27,0
989,11,27,0
989,12,27,0
989,13,27,0
989,14,27,0
989,15,27,0
989,16,27,0
989,17,27,0
989,18,27,0
989,19,27,0
989,20,27,0
989,21,27,0
989,22,27,0
989,23,27,0
989,24,27,0
989,25,27,0
989,26,27,1
989,27,27,0
989,28,27,0
989,29,27,0
989,30,27,0
989,31,27,0
989,32,27,0
989,33,27,0
989,34,27,0
989,35,27,0
989,36,27,0
989,37,27,0
989,38,27,0
989,39,27,0
989,40,27,0
989,41,27,0
989,42,27,0
989,43,27,0
989,44,27,0
989,45,27,0
989,46,27,0
989,47,27,0
989,48,27,0
989,49,27,0
989,50,27,0
989,51,27,0
989,52,27,0
989,53,27,0
989,54,27,0
989,55,27,0
989,56,27,0
989,57,27,0
989,58,27,0
989,59,27,0
989,60,27,0
989,61,27,0
989,62,27,0
989,63,27,0
989,64,27,0
989,65,27,0
989,66,27,0
989,67,27,0
989,68,27,0
989,69,27,0
989,70,27,0
989,71,27,0
989,72,27,0
989,73,27,0
989,74,27,0
989,75,27,0
989,76,27,0
989,77,27,0
989,78,27,0
989,79,27,0
989,80,27,0
989,81,27,0
989,82,27,1
989,83,27,0
989,84,27,0
989,85,27,0
989,86,27,0
989,87,27,0
989,88,27,0
989,89,27,0
989,90,27,0
989,91,27,0
989,92,27,0
989,93,27,0
989,94,27,0
989,95,27,0
989,96,27,0
989,97,27,0
989,98,27,0
989,99,27,0
989,100,27,0
989,101,27,0
989,102,27,0
989,103,27,0
989,104,27,0
989,105,27,0
989,106,27,0
989,107,27,0
989,108,27,0
989,109,27,0
989,110,27,0
989,111,27,0
989,0,28,0
989,1,28,0
989,2,28,1
989,3,28,0
989,4,28,1
989,5,28,0
989,6,28,0
989,7,28,0
989,8,28,0
989,9,28,0
989,10,28,0
989,11,28,0
989,12,28,0
989,13,28,0
989,14,28,0
989,15,28,1
989,16,28,0
989,17,28,0
989,18,28,0
989,19,28,0
989,20,28,0
989,21,28,0
989,22,28,1
989,23,28,0
989,24,28,1
989,25,28,0
989,26,28,0
989,27,28,0
989,28,28,0
989,29,28,0
989,30,28,0
989,31,28,0
989,32,28,0
989,33,28,0
989,34,28,0
989,35,28,0
989,36,28,0
989,37,28,0
989,38,28,0
989,39,28,0
989,40,28,0
989,41,28,0
989,42,28,0
989,43,28,0
989,44,28,0
989,45,28,0
989,46,28,0
989,47,28,0
989,48,28,0
989,49,28,0
989,50,28,0
989,51,28,0
989,52,28,0
989,53,28,0
989,54,28,0
989,55,28,0
989,56,28,0
989,57,28,0
989,58,28,0
989,59,28,0
989,60,28,0
989,61,28,0
989,62,28,0
989,63,28,1
989,64,28,0
989,65,28,0
989,66,28,0
989,67,28,0
989,68,28,0
989,69,28,0
989,70,28,0
989,71,28,0
989,72,28,0
989,73,28,1
989,74,28,0
989,75,28,0
989,76,28,0
989,77,28,0
989,78,28,0
989,79,28,0
989,80,28,1
989,81,28,0
989,82,28,0
989,83,28,0
989,84,28,1
989,85,28,0
989,86,28,0
989,87,28,0
989,88,28,0
989,89,28,0
989,90,28,0
989,91,28,0
989,92,28,0
989,93,28,0
989,94,28,0
989,95,28,0
989,96,28,1
989,97,28,1
989,98,28,0
989,99,28,0
989,100,28,0
989,101,28,0
989,102,28,0
989,103,28,0
989,104,28,0
989,105,28,0
989,106,28,0
989,107,28,0
989,108,28,0
989,109,28,0
989,110,28,0
989,111,28,0
989,0,29,0
989,1,29,0
989,2,29,0
989,3,29,0
989,4,29,0
989,5,29,0
989,6,29,0
989,7,29,0
989,8,29,0
989,9,29,0
989,10,29,0
989,11,29,0
989,12,29,0
989,13,29,0
989,14,29,0
989,15,29,0
989,16,29,0
989,17,29,0
989,18,29,0
989,19,29,0
989,20,29,0
989,21,29,0
989,22,29,0
989,23,29,0
989,24,29,0
989,25,29,0
989,26,29,0
989,27,29,0
989,28,29,0
989,29,29,0
989,30,29,0
989,31,29,0
989,32,29,0
989,33,29,0
989,34,29,0
989,35,29,0
989,36,29,0
989,37,29,0
989,38,29,0
989,39,29,0
989,40,29,0
989,41,29,0
989,42,29,0
989,43,29,0
989,44,29,0
989,45,29,0
989,46,29,0
989,47,29,0
989,48,29,0
989,49,29,0
989,50,29,0
989,51,29,0
989,52,29,0
989,53,29,0
989,54,29,0
989,55,29,0
989,56,29,0
989,57,29,0
989,58,29,0
989,59,29,0
989,60,29,0
989,61,29,0
989,62,29,0
989,63,29,0
989,64,29,0
989,65,29,0
989,66,29,0
989,67,29,0
989,68,29,0
989,69,29,0
989,70,29,0
989,71,29,0
989,72,29,0
989,73,29,0
989,74,29,0
989,75,29,1
989,76,29,0
989,77,29,0
989,78,29,0
989,79,29,0
989,80,29,0
989,81,29,0
989,82,29,0
989,83,29,0
989,84,29,0
989,85,29,0
989,86,29,0
989,87,29,0
989,88,29,0
989,89,29,0
989,90,29,0
989,91,29,0
989,92,29,0
989,93,29,0
989,94,29,0
989,95,29,0
989,96,29,0
989,97,29,0
989,98,29,0
989,99,29,0
989,100,29,0
989,101,29,0
989,102,29,0
989,103,29,0
989,104,29,0
989,105,29,0
989,106,29,0
989,107,29,0
989,108,29,0
989,109,29,0
989,110,29,0
989,111,29,0
989,0,30,1
989,1,30,0
989,2,30,0
989,3,30,0
989,4,30,0
989,5,30,0
989,6,30,0
989,7,30,0
989,8,30,0
989,9,30,0
989,10,30,0
989,11,30,0
989,12,30,0
989,13,30,0
989,14,30,0
989,15,30,0
989,16,30,0
989,17,30,0
989,18,30,0
989,19,30,0
989,20,30,0
989,21,30,0
989,22,30,0
989,23,30,0
989,24,30,0
989,25,30,0
989,26,30,0
989,27,30,0
989,28,30,0
989,29,30,0
989,30,30,0
989,31,30,0
989,32,30,0
989,33,30,0
989,34,30,0
989,35,30,0
989,36,30,1
989,37,30,0
989,38,30,0
989,39,30,0
989,40,30,0
989,41,30,0
989,42,30,0
989,43,30,0
989,44,30,0
989,45,30,0
989,46,30,0
989,47,30,0
989,48,30,0
989,49,30,0
989,50,30,0
989,51,30,0
989,52,30,0
989,53,30,0
989,54,30,0
989,55,30,0
989,56,30,0
989,57,30,0
989,58,30,0
989,59,30,0
989,60,30,0
989,61,30,0
989,62,30,0
989,63,30,1
989,64,30,0
989,65,30,0
989,66,30,0
989,67,30,0
989,68,30,0
989,69,30,0
989,70,30,0
989,71,30,0
989,72,30,0
989,73,30,0
989,74,30,0
989,75,30,0
989,76,30,0
989,77,30,0
989,78,30,0
989,79,30,1
989,80,30,0
989,81,30,0
989,82,30,0
989,83,30,0
989,84,30,0
989,85,30,0
989,86,30,0
989,87,30,0
989,88,30,0
989,89,30,0
989,90,30,0
989,91,30,0
989,92,30,0
989,93,30,0
989,94,30,0
989,95,30,0
989,96,30,0
989,97,30,0
989,98,30,0
989,99,30,0
989,100,30,0
989,101,30,0
989,102,30,0
989,103,30,0
989,104,30,0
989,105,30,1
989,106,30,0
989,107,30,0
989,108,30,0
989,109,30,0
989,110,30,0
989,111,30,1
989,0,31,0
989,1,31,0
989,2,31,1
989,3,31,0
989,4,31,0
989,5,31,0
989,6,31,0
989,7,31,0
989,8,31,0
989,9,31,0
989,10,31,0
989,11,31,0
989,12,31,0
989,13,31,0
989,14,31,0
989,15,31,0
989,16,31,0
989,17,31,0
989,18,31,0
989,19,31,0
989,20,31,0
989,21,31,0
989,22,31,1
989,23,31,0
989,24,31,0
989,25,31,0
989,26,31,0
989,27,31,0
989,28,31,0
989,29,31,0
989,30,31,0
989,31,31,1
989,32,31,0
989,33,31,0
989,34,31,0
989,35,31,0
989,36,31,0
989,37,31,0
989,38,31,0
989,39,31,0
989,40,31,0
989,41,31,0
989,42,31,0
989,43,31,0
989,44,31,0
989,45,31,0
989,46,31,0
989,47,31,0
989,48,31,0
989,49,31,0
989,50,31,0
989,51,31,0
989,52,31,0
989,53,31,0
989,54,31,1
989,55,31,0
989,56,31,0
989,57,31,0
989,58,31,0
989,59,31,0
989,60,31,0
989,61,31,0
989,62,31,1
989,63,31,0
989,64,31,0
989,65,31,0
989,66,31,0
989,67,31,0
989,68,31,0
989,69,31,0
989,70,31,0
989,71,31,0
989,72,31,0
989,73,31,0
989,74,31,1
989,75,31,0
989,76,31,0
989,77,31,1
989,78,31,0
989,79,31,0
989,80,31,0
989,81,31,0
989,82,31,0
989,83,31,0
989,84,31,0
989,85,31,0
989,86,31,0
989,87,31,0
989,88,31,0
989,89,31,0
989,90,31,0
989,91,31,0
989,92,31,0
989,93,31,0
989,94,31,0
989,95,31,0
989,96,31,0
989,97,31,0
989,98,31,0
989,99,31,0
989,100,31,0
989,101,31,0
989,102,31,0
989,103,31,0
989,104,31,0
989,105,31,0
989,106,31,0
989,107,31,0
989,108,31,0
989,109,31,0
989,110,31,0
989,111,31,0
989,0,32,0
989,1,32,0
989,2,32,0
989,3,32,0
989,4,32,0
989,5,32,0
989,6,32,0
989,7,32,0
989,8,32,1
989,9,32,0
989,10,32,0
989,11,32,0
989,12,32,0
989,13,32,0
989,14,32,0
989,15,32,0
989,16,32,0
989,17,32,0
989,18,32,0
989,19,32,0
989,20,32,0
989,21,32,0
989,22,32,0
989,23,32,0
989,24,32,0
989,25,32,0
989,26,32,0
989,27,32,0
989,28,32,0
989,29,32,0
989,30,32,0
989,31,32,0
989,32,32,0
989,33,32,0
989,34,32,0
989,35,32,0
989,36,32,0
989,37,32,0
989,38,32,0
989,39,32,0
989,40,32,0
989,41,32,0
989,42,32,0
989,43,32,0
989,44,32,0
989,45,32,0
989,46,32,0
989,47,32,0
989,48,32,0
989,49,32,0
989,50,32,0
989,51,32,0
989,52,32,0
989,53,32,0
989,54,32,0
989,55,32,0
989,56,32,0
989,57,32,0
989,58,32,0
989,59,32,1
989,60,32,0
989,61,32,0
989,62,32,0
989,63,32,0
989,64,32,0
989,65,32,0
989,66,32,0
989,67,32,0
989,68,32,0
989,69,32,0
989,70,32,0
989,71,32,0
989,72,32,0
989,73,32,0
989,74,32,0
989,75,32,0
989,76,32,0
989,77,32,0
989,78,32,0
989,79,32,0
989,80,32,0
989,81,32,0
989,82,32,0
989,83,32,1
989,84,32,0
989,85,32,0
989,86,32,0
989,87,32,0
989,88,32,0
989,89,32,0
989,90,32,1
989,91,32,0
989,92,32,0
989,93,32,0
989,94,32,0
989,95,32,0
989,96,32,0
989,97,32,0
989,98,32,0
989,99,32,0
989,100,32,0
989,101,32,0
989,102,32,0
989,103,32,0
989,104,32,0
989,105,32,0
989,106,32,0
989,107,32,0
989,108,32,0
989,109,32,0
989,110,32,0
989,111,32,0
989,0,33,0
989,1,33,0
989,2,33,1
989,3,33,0
989,4,33,0
989,5,33,0
989,6,33,0
989,7,33,0
989,8,33,0
989,9,33,0
989,10,33,0
989,11,33,0
989,12,33,0
989,13,33,0
989,14,33,0
989,15,33,0
989,16,33,0
989,17,33,0
989,18,33,0
989,19,33,0
989,20,33,1
989,21,33,0
989,22,33,0
989,23,33,0
989,24,33,0
989,25,33,0
989,26,33,0
989,27,33,0
989,28,33,0
989,29,33,0
989,30,33,0
989,31,33,0
989,32,33,0
989,33,33,0
989,34,33,0
989,35,33,0
989,36,33,0
989,37,33,0
989,38,33,0
989,39,33,0
989,40,33,0
989,41,33,0
989,42,33,0
989,43,33,0
989,44,33,0
989,45,33,0
989,46,33,0
989,47,33,0
989,48,33,0
989,49,33,0
989,50,33,0
989,51,33,0
989,52,33,0
989,53,33,0
989,54,33,0
989,55,33,0
989,56,33,0
989,57,33,0
989,58,33,0
989,59,33,0
989,60,33,0
989,61,33,0
989,62,33,0
989,63,33,1
989,64,33,1
989,65,33,0
989,66,33,0
989,67,33,0
989,68,33,0
989,69,33,0
989,70,33,0
989,71,33,0
989,72,33,0
989,73,33,0
989,74,33,0
989,75,33,0
989,76,33,0
989,77,33,0
989,78,33,0
989,79,33,0
989,80,33,0
989,81,33,0
989,82,33,0
989,83,33,0
989,84,33,0
989,85,33,0
989,86,33,0
989,87,33,0
989,88,33,0
989,89,33,0
989,90,33,1
989,91,33,0
989,92,33,0
989,93,33,0
989,94,33,0
989,95,33,0
989,96,33,0
989,97,33,0
989,98,33,0
989,99,33,0
989,100,33,0
989,101,33,0
989,102,33,0
989,103,33,0
989,104,33,0
989,105,33,0
989,106,33,0
989,107,33,0
989,108,33,0
989,109,33,0
989,110,33,0
989,111,33,0
989,0,34,0
989,1,34,0
989,2,34,0
989,3,34,0
989,4,34,0
989,5,34,0
989,6,34,0
989,7,34,0
989,8,34,0
989,9,34,0
989,10,34,0
989,11,34,0
989,12,34,0
989,13,34,0
989,14,34,0
989,15,34,0
989,16,34,0
989,17,34,0
989,18,34,0
989,19,34,0
989,20,34,0
989,21,34,0
989,22,34,0
989,23,34,0
989,24,34,0
989,25,34,0
989,26,34,0
989,27,34,0
989,28,34,0
989,29,34,0
989,30,34,0
989,31,34,0
989,32,34,0
989,33,34,0
989,34,34,0
989,35,34,0
989,36,34,0
989,37,34,0
989,38,34,0
989,39,34,0
989,40,34,0
989,41,34,0
989,42,34,0
989,43,34,0
989,44,34,0
989,45,34,0
989,46,34,0
989,47,34,0
989,48,34,0
989,49,34,0
989,50,34,0
989,51,34,0
989,52,34,0
989,53,34,1
989,54,34,0
989,55,34,0
989,56,34,0
989,57,34,1
989,58,34,0
989,59,34,0
989,60,34,0
989,61,34,0
989,62,34,0
989,63,34,0
989,64,34,0
989,65,34,1
989,66,34,0
989,67,34,0
989,68,34,0
989,69,34,0
989,70,34,0
989,71,34,0
989,72,34,1
989,73,34,0
989,74,34,0
989,75,34,0
989,76,34,0
989,77,34,0
989,78,34,0
989,79,34,0
989,80,34,0
989,81,34,0
989,82,34,0
989,83,34,0
989,84,34,0
989,85,34,0
989,86,34,0
989,87,34,0
989,88,34,0
989,89,34,0
989,90,34,0
989,91,34,0
989,92,34,0
989,93,34,0
989,94,34,0
989,95,34,0
989,96,34,0
989,97,34,0
989,98,34,0
989,99,34,0
989,100,34,0
989,101,34,0
989,102,34,0
989,103,34,0
989,104,34,0
989,105,34,0
989,106,34,0
989,107,34,0
989,108,34,0
989,109,34,0
989,110,34,0
989,111,34,0
989,0,35,0
989,1,35,0
989,2,35,0
989,3,35,0
989,4,35,0
989,5,35,0
989,6,35,0
989,7,35,0
989,8,35,0
989,9,35,0
989,10,35,0
989,11,35,0
989,12,35,0
989,13,35,0
989,14,35,0
989,15,35,0
989,16,35,0
989,17,35,1
989,18,35,0
989,19,35,0
989,20,35,0
989,21,35,0
989,22,35,0
989,23,35,0
989,24,35,0
989,25,35,0
989,26,35,0
989,27,35,0
989,28,35,0
989,29,35,0
989,30,35,0
989,31,35,0
989,32,35,0
989,33,35,0
989,34,35,0
989,35,35,0
989,36,35,0
989,37,35,0
989,38,35,0
989,39,35,0
989,40,35,0
989,41,35,0
989,42,35,0
989,43,35,0
989,44,35,0
989,45,35,0
989,46,35,0
989,47,35,0
989,48,35,0
989,49,35,0
989,50,35,0
989,51,35,0
989,52,35,0
989,53,35,0
989,54,35,0
989,55,35,0
989,56,35,0
989,57,35,0
989,58,35,0
989,59,35,0
989,60,35,0
989,61,35,0
989,62,35,0
989,63,35,0
989,64,35,0
989,65,35,0
989,66,35,0
989,67,35,0
989,68,35,1
989,69,35,0
989,70,35,0
989,71,35,0
989,72,35,1
989,73,35,0
989,74,35,0
989,75,35,0
989,76,35,0
989,77,35,0
989,78,35,0
989,79,35,0
989,80,35,0
989,81,35,0
989,82,35,0
989,83,35,0
989,84,35,0
989,85,35,0
989,86,35,0
989,87,35,0
989,88,35,0
989,89,35,0
989,90,35,0
989,91,35,0
989,92,35,1
989,93,35,0
989,94,35,0
989,95,35,0
989,96,35,0
989,97,35,0
989,98,35,0
989,99,35,0
989,100,35,0
989,101,35,0
989,102,35,0
989,103,35,0
989,104,35,0
989,105,35,1
989,106,35,0
989,107,35,0
989,108,35,0
989,109,35,0
989,110,35,0
989,111,35,0
989,0,36,0
989,1,36,0
989,2,36,0
989,3,36,1
989,4,36,0
989,5,36,0
989,6,36,0
989,7,36,0
989,8,36,0
989,9,36,0
989,10,36,0
989,11,36,0
989,12,36,0
989,13,36,0
989,14,36,0
989,15,36,0
989,16,36,0
989,17,36,0
989,18,36,0
989,19,36,0
989,20,36,0
989,21,36,0
989,22,36,0
989,23,36,0
989,24,36,0
989,25,36,0
989,26,36,0
989,27,36,0
989,28,36,0
989,29,36,0
989,30,36,0
989,31,36,0
989,32,36,0
989,33,36,0
989,34,36,0
989,35,36,0
989,36,36,0
989,37,36,0
989,38,36,0
989,39,36,0
989,40,36,0
989,41,36,0
989,42,36,0
989,43,36,0
989,44,36,0
989,45,36,0
989,46,36,0
989,47,36,0
989,48,36,0
989,49,36,0
989,50,36,0
989,51,36,0
989,52,36,0
989,53,36,0
989,54,36,0
989,55,36,0
989,56,36,0
989,57,36,0
989,58,36,0
989,59,36,0
989,60,36,0
989,61,36,0
989,62,36,0
989,63,36,0
989,64,36,0
989,65,36,0
989,66,36,0
989,67,36,0
989,68,36,0
989,69,36,0
989,70,36,1
989,71,36,0
989,72,36,0
989,73,36,0
989,74,36,0
989,75,36,0
989,76,36,0
989,77,36,0
989,78,36,0
989,79,36,0
989,80,36,0
989,81,36,0
989,82,36,0
989,83,36,0
989,84,36,0
989,85,36,0
989,86,36,0
989,87,36,0
989,88,36,0
989,89,36,0
989,90,36,0
989,91,36,0
989,92,36,0
989,93,36,0
989,94,36,0
989,95,36,0
989,96,36,0
989,97,36,0
989,98,36,0
989,99,36,0
989,100,36,0
989,101,36,0
989,102,36,0
989,103,36,0
989,104,36,0
989,105,36,0
989,106,36,0
989,107,36,0
989,108,36,0
989,109,36,0
989,110,36,0
989,111,36,0
989,0,37,0
989,1,37,0
989,2,37,0
989,3,37,0
989,4,37,0
989,5,37,1
989,6,37,0
989,7,37,0
989,8,37,0
989,9,37,0
989,10,37,0
989,11,37,0
989,12,37,0
989,13,37,0
989,14,37,0
989,15,37,1
989,16,37,0
989,17,37,0
989,18,37,0
989,19,37,0
989,20,37,0
989,21,37,1
989,22,37,1
989,23,37,0
989,24,37,0
989,25,37,0
989,26,37,0
989,27,37,0
989,28,37,0
989,29,37,0
989,30,37,0
989,31,37,0
989,32,37,0
989,33,37,0
989,34,37,0
989,35,37,0
989,36,37,0
989,37,37,0
989,38,37,0
989,39,37,0
989,40,37,0
989,41,37,0
989,42,37,0
989,43,37,0
989,44,37,0
989,45,37,0
989,46,37,0
989,47,37,0
989,48,37,0
989,49,37,0
989,50,37,0
989,51,37,0
989,52,37,0
989,53,37,0
989,54,37,1
989,55,37,0
989,56,37,0
989,57,37,0
989,58,37,0
989,59,37,0
989,60,37,0
989,61,37,0
989,62,37,0
989,63,37,0
989,64,37,0
989,65,37,0
989,66,37,0
989,67,37,0
989,68,37,0
989,69,37,0
989,70,37,0
989,71,37,0
989,72,37,0
989,73,37,0
989,74,37,0
989,75,37,0
989,76,37,0
989,77,37,0
989,78,37,0
989,79,37,0
989,80,37,0
989,81,37,0
989,82,37,0
989,83,37,0
989,84,37,0
989,85,37,0
989,86,37,0
989,87,37,0
989,88,37,0
989,89,37,0
989,90,37,0
989,91,37,0
989,92,37,0
989,93,37,0
989,94,37,0
989,95,37,0
989,96,37,0
989,97,37,0
989,98,37,0
989,99,37,0
989,100,37,0
989,101,37,0
989,102,37,0
989,103,37,0
989,104,37,0
989,105,37,0
989,106,37,0
989,107,37,0
989,108,37,0
989,109,37,0
989,110,37,0
989,111,37,0
989,0,38,0
989,1,38,0
989,2,38,1
989,3,38,0
989,4,38,0
989,5,38,0
989,6,38,0
989,7,38,0
989,8,38,0
989,9,38,0
989,10,38,0
989,11,38,0
989,12,38,0
989,13,38,0
989,14,38,0
989,15,38,0
989,16,38,0
989,17,38,0
989,18,38,0
989,19,38,0
989,20,38,0
989,21,38,0
989,22,38,0
989,23,38,0
989,24,38,0
989,25,38,0
989,26,38,0
989,27,38,0
989,28,38,0
989,29,38,0
989,30,38,0
989,31,38,0
989,32,38,0
989,33,38,0
989,34,38,0
989,35,38,0
989,36,38,0
989,37,38,0
989,38,38,0
989,39,38,0
989,40,38,0
989,41,38,0
989,42,38,1
989,43,38,1
989,44,38,0
989,45,38,0
989,46,38,0
989,47,38,0
989,48,38,0
989,49,38,0
989,50,38,0
989,51,38,0
989,52,38,0
989,53,38,0
989,54,38,0
989,55,38,0
989,56,38,0
989,57,38,0
989,58,38,0
989,59,38,0
989,60,38,0
989,61,38,1
989,62,38,0
989,63,38,0
989,64,38,0
989,65,38,0
989,66,38,0
989,67,38,0
989,68,38,0
989,69,38,0
989,70,38,0
989,71,38,0
989,72,38,0
989,73,38,0
989,74,38,0
989,75,38,0
989,76,38,0
989,77,38,0
989,78,38,0
989,79,38,0
989,80,38,0
989,81,38,0
989,82,38,0
989,83,38,0
989,84,38,0
989,85,38,0
989,86,38,0
989,87,38,0
989,88,38,0
989,89,38,0
989,90,38,0
989,91,38,0
989,92,38,0
989,93,38,0
989,94,38,0
989,95,38,0
989,96,38,0
989,97,38,0
989,98,38,0
989,99,38,0
989,100,38,0
989,101,38,0
989,102,38,0
989,103,38,0
989,104,38,0
989,105,38,0
989,106,38,0
989,107,38,1
989,108,38,0
989,109,38,0
989,110,38,0
989,111,38,1
989,0,39,0
989,1,39,0
989,2,39,0
989,3,39,0
989,4,39,0
989,5,39,0
989,6,39,0
989,7,39,0
989,8,39,0
989,9,39,0
989,10,39,0
989,11,39,0
989,12,39,0
989,13,39,0
989,14,39,0
989,15,39,0
989,16,39,0
989,17,39,0
989,18,39,0
989,19,39,0
989,20,39,0
989,21,39,0
989,22,39,1
989,23,39,0
989,24,39,0
989,25,39,0
989,26,39,0
989,27,39,0
989,28,39,0
989,29,39,1
989,30,39,0
989,31,39,0
989,32,39,0
989,33,39,0
989,34,39,0
989,35,39,0
989,36,39,0
989,37,39,0
989,38,39,0
989,39,39,1
989,40,39,0
989,41,39,0
989,42,39,0
989,43,39,0
989,44,39,1
989,45,39,1
989,46,39,0
989,47,39,0
989,48,39,0
989,49,39,0
989,50,39,0
989,51,39,0
989,52,39,0
989,53,39,0
989,54,39,0
989,55,39,0
989,56,39,1
989,57,39,0
989,58,39,0
989,59,39,0
989,60,39,0
989,61,39,0
989,62,39,0
989,63,39,0
989,64,39,0
989,65,39,0
989,66,39,0
989,67,39,0
989,68,39,0
989,69,39,0
989,70,39,0
989,71,39,0
989,72,39,0
989,73,39,0
989,74,39,0
989,75,39,0
989,76,39,0
989,77,39,1
989,78,39,0
989,79,39,0
989,80,39,0
989,81,39,0
989,82,39,0
989,83,39,0
989,84,39,0
989,85,39,0
989,86,39,0
989,87,39,0
989,88,39,0
989,89,39,0
989,90,39,0
989,91,39,0
989,92,39,0
989,93,39,0
989,94,39,0
989,95,39,0
989,96,39,0
989,97,39,0
989,98,39,0
989,99,39,0
989,100,39,0
989,101,39,0
989,102,39,0
989,103,39,0
989,104,39,0
989,105,39,0
989,106,39,0
989,107,39,1
989,108,39,0
989,109,39,0
989,110,39,0
989,111,39,0
989,0,40,0
989,1,40,0
989,2,40,0
989,3,40,0
989,4,40,0
989,5,40,0
989,6,40,1
989,7,40,0
989,8,40,0
989,9,40,0
989,10,40,0
989,11,40,0
989,12,40,0
989,13,40,0
989,14,40,0
989,15,40,0
989,16,40,0
989,17,40,0
989,18,40,0
989,19,40,0
989,20,40,0
989,21,40,0
989,22,40,0
989,23,40,0
989,24,40,0
989,25,40,0
989,26,40,0
989,27,40,0
989,28,40,0
989,29,40,0
989,30,40,0
989,31,40,0
989,32,40,0
989,33,40,0
989,34,40,0
989,35,40,0
989,36,40,0
989,37,40,0
989,38,40,0
989,39,40,0
989,40,40,0
989,41,40,0
989,42,40,0
989,43,40,1
989,44,40,0
989,45,40,0
989,46,40,0
989,47,40,1
989,48,40,0
989,49,40,0
989,50,40,1
989,51,40,0
989,52,40,0
989,53,40,0
989,54,40,0
989,55,40,0
989,56,40,0
989,57,40,0
989,58,40,0
989,59,40,0
989,60,40,0
989,61,40,0
989,62,40,0
989,63,40,0
989,64,40,0
989,65,40,0
989,66,40,0
989,67,40,1
989,68,40,0
989,69,40,0
989,70,40,0
989,71,40,0
989,72,40,0
989,73,40,0
989,74,40,0
989,75,40,0
989,76,40,1
989,77,40,0
989,78,40,1
989,79,40,0
989,80,40,0
989,81,40,0
989,82,40,0
989,83,40,0
989,84,40,0
989,85,40,0
989,86,40,0
989,87,40,0
989,88,40,0
989,89,40,0
989,90,40,0
989,91,40,0
989,92,40,0
989,93,40,0
989,94,40,1
989,95,40,0
989,96,40,0
989,97,40,0
989,98,40,0
989,99,40,0
989,100,40,0
989,101,40,0
989,102,40,0
989,103,40,0
989,104,40,0
989,105,40,0
989,106,40,0
989,107,40,0
989,108,40,0
989,109,40,0
989,110,40,0
989,111,40,0
989,0,41,0
989,1,41,0
989,2,41,0
989,3,41,0
989,4,41,0
989,5,41,0
989,6,41,0
989,7,41,1
989,8,41,0
989,9,41,0
989,10,41,0
989,11,41,0
989,12,41,0
989,13,41,0
989,14,41,0
989,15,41,0
989,16,41,0
989,17,41,0
989,18,41,0
989,19,41,1
989,20,41,0
989,21,41,0
989,22,41,0
989,23,41,0
989,24,41,0
989,25,41,0
989,26,41,0
989,27,41,0
989,28,41,0
989,29,41,0
989,30,41,0
989,31,41,0
989,32,41,0
989,33,41,0
989,34,41,0
989,35,41,0
989,36,41,0
989,37,41,0
989,38,41,0
989,39,41,0
989,40,41,0
989,41,41,0
989,42,41,0
989,43,41,0
989,44,41,0
989,45,41,0
989,46,41,0
989,47,41,0
989,48,41,0
989,49,41,0
989,50,41,0
989,51,41,0
989,52,41,0
989,53,41,0
989,54,41,0
989,55,41,0
989,56,41,0
989,57,41,1
989,58,41,0
989,59,41,0
989,60,41,1
989,61,41,0
989,62,41,0
989,63,41,1
989,64,41,0
989,65,41,0
989,66,41,0
989,67,41,0
989,68,41,0
989,69,41,0
989,70,41,0
989,71,41,0
989,72,41,0
989,73,41,0
989,74,41,0
989,75,41,0
989,76,41,0
989,77,41,0
989,78,41,0
989,79,41,0
989,80,41,0
989,81,41,0
989,82,41,0
989,83,41,0
989,84,41,1
989,85,41,0
989,86,41,0
989,87,41,0
989,88,41,0
989,89,41,0
989,90,41,0
989,91,41,0
989,92,41,0
989,93,41,0
989,94,41,0
989,95,41,0
989,96,41,0
989,97,41,0
989,98,41,0
989,99,41,0
989,100,41,0
989,101,41,0
989,102,41,1
989,103,41,0
989,104,41,0
989,105,41,0
989,106,41,0
989,107,41,0
989,108,41,0
989,109,41,0
989,110,41,0
989,111,41,0
989,0,42,0
989,1,42,0
989,2,42,0
989,3,42,0
989,4,42,0
989,5,42,0
989,6,42,0
989,7,42,0
989,8,42,0
989,9,42,0
989,10,42,0
989,11,42,0
989,12,42,0
989,13,42,0
989,14,42,0
989,15,42,0
989,16,42,0
989,17,42,0
989,18,42,0
989,19,42,0
989,20,42,0
989,21,42,0
989,22,42,0
989,23,42,0
989,24,42,0
989,25,42,0
989,26,42,0
989,27,42,0
989,28,42,0
989,29,42,0
989,30,42,0
989,31,42,0
989,32,42,0
989,33,42,0
989,34,42,0
989,35,42,0
989,36,42,0
989,37,42,0
989,38,42,0
989,39,42,0
989,40,42,0
989,41,42,0
989,42,42,0
989,43,42,0
989,44,42,0
989,45,42,0
989,46,42,0
989,47,42,0
989,48,42,0
989,49,42,0
989,50,42,0
989,51,42,0
989,52,42,0
989,53,42,0
989,54,42,0
989,55,42,0
989,56,42,0
989,57,42,0
989,58,42,0
989,59,42,0
989,60,42,0
989,61,42,0
989,62,42,0
989,63,42,0
989,64,42,0
989,65,42,0
989,66,42,0
989,67,42,0
989,68,42,0
989,69,42,0
989,70,42,0
989,71,42,0
989,72,42,0
989,73,42,0
989,74,42,0
989,75,42,0
989,76,42,0
989,77,42,0
989,78,42,0
989,79,42,0
989,80,42,0
989,81,42,0
989,82,42,0
989,83,42,0
989,84,42,0
989,85,42,0
989,86,42,0
989,87,42,0
989,88,42,0
989,89,42,0
989,90,42,0
989,91,42,1
989,92,42,0
989,93,42,0
989,94,42,0
989,95,42,0
989,96,42,0
989,97,42,0
989,98,42,0
989,99,42,0
989,100,42,0
989,101,42,0
989,102,42,0
989,103,42,0
989,104,42,0
989,105,42,0
989,106,42,0
989,107,42,0
989,108,42,0
989,109,42,0
989,110,42,0
989,111,42,0
989,0,43,0
989,1,43,0
989,2,43,0
989,3,43,0
989,4,43,0
989,5,43,0
989,6,43,0
989,7,43,0
989,8,43,0
989,9,43,0
989,10,43,0
989,11,43,0
989,12,43,0
989,13,43,0
989,14,43,0
989,15,43,0
989,16,43,0
989,17,43,0
989,18,43,0
989,19,43,0
989,20,43,0
989,21,43,0
989,22,43,0
989,23,43,0
989,24,43,0
989,25,43,0
989,26,43,0
989,27,43,0
989,28,43,0
989,29,43,0
989,30,43,0
989,31,43,0
989,32,43,0
989,33,43,1
989,34,43,0
989,35,43,0
989,36,43,0
989,37,43,0
989,38,43,0
989,39,43,0
989,40,43,0
989,41,43,0
989,42,43,0
989,43,43,0
989,44,43,0
989,45,43,0
989,46,43,0
989,47,43,0
989,48,43,0
989,49,43,0
989,50,43,0
989,51,43,0
989,52,43,0
989,53,43,0
989,54,43,0
989,55,43,0
989,56,43,0
989,57,43,0
989,58,43,0
989,59,43,0
989,60,43,0
989,61,43,0
989,62,43,0
989,63,43,0
989,64,43,0
989,65,43,0
989,66,43,0
989,67,43,0
989,68,43,0
989,69,43,0
989,70,43,0
989,71,43,0
989,72,43,0
989,73,43,0
989,74,43,0
989,75,43,0
989,76,43,0
989,77,43,0
989,78,43,0
989,79,43,0
989,80,43,1
989,81,43,0
989,82,43,0
989,83,43,0
989,84,43,0
989,85,43,0
989,86,43,0
989,87,43,0
989,88,43,0
989,89,43,0
989,90,43,0
989,91,43,0
989,92,43,0
989,93,43,0
989,94,43,0
989,95,43,0
989,96,43,0
989,97,43,0
989,98,43,0
989,99,43,0
989,100,43,0
989,101,43,0
989,102,43,1
989,103,43,0
989,104,43,0
989,105,43,1
989,106,43,0
989,107,43,1
989,108,43,0
989,109,43,0
989,110,43,0
989,111,43,0
989,0,44,0
989,1,44,0
989,2,44,0
989,3,44,0
989,4,44,0
989,5,44,0
989,6,44,0
989,7,44,0
989,8,44,0
989,9,44,1
989,10,44,0
989,11,44,0
989,12,44,0
989,13,44,0
989,14,44,0
989,15,44,0
989,16,44,0
989,17,44,0
989,18,44,0
989,19,44,0
989,20,44,1
989,21,44,0
989,22,44,0
989,23,44,0
989,24,44,0
989,25,44,0
989,26,44,0
989,27,44,0
989,28,44,0
989,29,44,0
989,30,44,0
989,31,44,0
989,32,44,0
989,33,44,0
989,34,44,0
989,35,44,0
989,36,44,0
989,37,44,0
989,38,44,0
989,39,44,0
989,40,44,0
989,41,44,0
989,42,44,0
989,43,44,0
989,44,44,0
989,45,44,0
989,46,44,0
989,47,44,0
989,48,44,0
989,49,44,0
989,50,44,0
989,51,44,0
989,52,44,0
989,53,44,0
989,54,44,0
989,55,44,0
989,56,44,0
989,57,44,0
989,58,44,0
989,59,44,0
989,60,44,0
989,61,44,0
989,62,44,0
989,63,44,0
989,64,44,0
989,65,44,0
989,66,44,0
989,67,44,0
989,68,44,0
989,69,44,0
989,70,44,0
989,71,44,0
989,72,44,0
989,73,44,0
989,74,44,0
989,75,44,0
989,76,44,0
989,77,44,0
989,78,44,0
989,79,44,0
989,80,44,0
989,81,44,0
989,82,44,0
989,83,44,0
989,84,44,0
989,85,44,0
989,86,44,0
989,87,44,0
989,88,44,0
989,89,44,0
989,90,44,0
989,91,44,0
989,92,44,0
989,93,44,0
989,94,44,0
989,95,44,0
989,96,44,0
989,97,44,1
989,98,44,0
989,99,44,0
989,100,44,0
989,101,44,0
989,102,44,0
989,103,44,0
989,104,44,0
989,105,44,0
989,106,44,0
989,107,44,0
989,108,44,0
989,109,44,0
989,110,44,0
989,111,44,0
989,0,45,0
989,1,45,0
989,2,45,0
989,3,45,0
989,4,45,0
989,5,45,0
989,6,45,0
989,7,45,0
989,8,45,0
989,9,45,0
989,10,45,0
989,11,45,0
989,12,45,0
989,13,45,0
989,14,45,0
989,15,45,0
989,16,45,1
989,17,45,0
989,18,45,0
989,19,45,0
989,20,45,0
989,21,45,1
989,22,45,0
989,23,45,0
989,24,45,0
989,25,45,0
989,26,45,0
989,27,45,0
989,28,45,0
989,29,45,0
989,30,45,0
989,31,45,1
989,32,45,0
989,33,45,0
989,34,45,0
989,35,45,0
989,36,45,1
989,37,45,0
989,38,45,0
989,39,45,0
989,40,45,0
989,41,45,0
989,42,45,0
989,43,45,0
989,44,45,0
989,45,45,0
989,46,45,0
989,47,45,0
989,48,45,0
989,49,45,0
989,50,45,0
989,51,45,0
989,52,45,0
989,53,45,0
989,54,45,0
989,55,45,0
989,56,45,0
989,57,45,0
989,58,45,0
989,59,45,0
989,60,45,0
989,61,45,0
989,62,45,0
989,63,45,0
989,64,45,0
989,65,45,0
989,66,45,1
989,67,45,0
989,68,45,0
989,69,45,0
989,70,45,0
989,71,45,0
989,72,45,0
989,73,45,0
989,74,45,0
989,75,45,0
989,76,45,0
989,77,45,0
989,78,45,0
989,79,45,0
989,80,45,0
989,81,45,0
989,82,45,0
989,83,45,0
989,84,45,0
989,85,45,0
989,86,45,1
989,87,45,0
989,88,45,0
989,89,45,0
989,90,45,0
989,91,45,0
989,92,45,0
989,93,45,0
989,94,45,0
989,95,45,0
989,96,45,0
989,97,45,1
989,98,45,0
989,99,45,0
989,100,45,0
989,101,45,0
989,102,45,0
989,103,45,0
989,104,45,0
989,105,45,0
989,106,45,0
989,107,45,0
989,108,45,0
989,109,45,0
989,110,45,0
989,111,45,0
989,0,46,0
989,1,46,0
989,2,46,0
989,3,46,0
989,4,46,0
989,5,46,0
989,6,46,0
989,7,46,0
989,8,46,0
989,9,46,1
989,10,46,0
989,11,46,0
989,12,46,0
989,13,46,0
989,14,46,0
989,15,46,0
989,16,46,0
989,17,46,0
989,18,46,1
989,19,46,0
989,20,46,0
989,21,46,0
989,22,46,1
989,23,46,0
989,24,46,0
989,25,46,0
989,26,46,0
989,27,46,0
989,28,46,0
989,29,46,0
989,30,46,0
989,31,46,0
989,32,46,0
989,33,46,0
989,34,46,0
989,35,46,0
989,36,46,0
989,37,46,0
989,38,46,0
989,39,46,0
989,40,46,0
989,41,46,0
989,42,46,0
989,43,46,0
989,44,46,0
989,45,46,0
989,46,46,0
989,47,46,0
989,48,46,0
989,49,46,0
989,50,46,0
989,51,46,0
989,52,46,0
989,53,46,0
989,54,46,0
989,55,46,0
989,56,46,0
989,57,46,0
989,58,46,0
989,59,46,0
989,60,46,0
989,61,46,0
989,62,46,0
989,63,46,0
989,64,46,0
989,65,46,0
989,66,46,0
989,67,46,0
989,68,46,0
989,69,46,0
989,70,46,0
989,71,46,0
989,72,46,0
989,73,46,0
989,74,46,0
989,75,46,0
989,76,46,0
989,77,46,0
989,78,46,0
989,79,46,0
989,80,46,0
989,81,46,0
989,82,46,0
989,83,46,0
989,84,46,0
989,85,46,0
989,86,46,0
989,87,46,0
989,88,46,0
989,89,46,0
989,90,46,1
989,91,46,0
989,92,46,0
989,93,46,0
989,94,46,0
989,95,46,0
989,96,46,0
989,97,46,0
989,98,46,0
989,99,46,0
989,100,46,0
989,101,46,0
989,102,46,0
989,103,46,0
989,104,46,0
989,105,46,0
989,106,46,0
989,107,46,0
989,108,46,0
989,109,46,0
989,110,46,0
989,111,46,0
989,0,47,0
989,1,47,0
989,2,47,0
989,3,47,0
989,4,47,0
989,5,47,0
989,6,47,0
989,7,47,0
989,8,47,0
989,9,47,0
989,10,47,0
989,11,47,0
989,12,47,0
989,13,47,0
989,14,47,0
989,15,47,0
989,16,47,0
989,17,47,0
989,18,47,0
989,19,47,1
989,20,47,0
989,21,47,0
989,22,47,0
989,23,47,0
989,24,47,0
989,25,47,0
989,26,47,0
989,27,47,0
989,28,47,0
989,29,47,0
989,30,47,0
989,31,47,0
989,32,47,0
989,33,47,0
989,34,47,1
989,35,47,0
989,36,47,0
989,37,47,0
989,38,47,0
989,39,47,0
989,40,47,0
989,41,47,0
989,42,47,0
989,43,47,0
989,44,47,0
989,45,47,0
989,46,47,0
989,47,47,0
989,48,47,0
989,49,47,0
989,50,47,0
989,51,47,0
989,52,47,0
989,53,47,0
989,54,47,0
989,55,47,0
989,56,47,0
989,57,47,0
989,58,47,0
989,59,47,0
989,60,47,0
989,61,47,0
989,62,47,0
989,63,47,0
989,64,47,0
989,65,47,0
989,66,47,0
989,67,47,0
989,68,47,0
989,69,47,0
989,70,47,0
989,71,47,0
989,72,47,0
989,73,47,0
989,74,47,0
989,75,47,0
989,76,47,0
989,77,47,0
989,78,47,0
989,79,47,1
989,80,47,1
989,81,47,0
989,82,47,0
989,83,47,0
989,84,47,0
989,85,47,0
989,86,47,1
989,87,47,0
989,88,47,1
989,89,47,0
989,90,47,0
989,91,47,0
989,92,47,0
989,93,47,0
989,94,47,0
989,95,47,0
989,96,47,0
989,97,47,0
989,98,47,0
989,99,47,0
989,100,47,0
989,101,47,0
989,102,47,0
989,103,47,0
989,104,47,0
989,105,47,0
989,106,47,0
989,107,47,0
989,108,47,0
989,109,47,0
989,110,47,0
989,111,47,0
989,0,48,0
989,1,48,0
989,2,48,0
989,3,48,0
989,4,48,1
989,5,48,0
989,6,48,0
989,7,48,0
989,8,48,1
989,9,48,0
989,10,48,0
989,11,48,0
989,12,48,0
989,13,48,0
989,14,48,0
989,15,48,0
989,16,48,0
989,17,48,0
989,18,48,0
989,19,48,1
989,20,48,0
989,21,48,0
989,22,48,0
989,23,48,0
989,24,48,0
989,25,48,0
989,26,48,0
989,27,48,0
989,28,48,0
989,29,48,0
989,30,48,0
989,31,48,0
989,32,48,0
989,33,48,0
989,34,48,0
989,35,48,0
989,36,48,0
989,37,48,0
989,38,48,0
989,39,48,0
989,40,48,0
989,41,48,0
989,42,48,0
989,43,48,0
989,44,48,0
989,45,48,0
989,46,48,0
989,47,48,0
989,48,48,1
989,49,48,0
989,50,48,0
989,51,48,0
989,52,48,0
989,53,48,0
989,54,48,0
989,55,48,1
989,56,48,0
989,57,48,0
989,58,48,0
989,59,48,1
989,60,48,1
989,61,48,0
989,62,48,0
989,63,48,0
989,64,48,0
989,65,48,0
989,66,48,0
989,67,48,0
989,68,48,0
989,69,48,0
989,70,48,0
989,71,48,0
989,72,48,1
989,73,48,0
989,74,48,0
989,75,48,0
989,76,48,0
989,77,48,0
989,78,48,0
989,79,48,0
989,80,48,1
989,81,48,0
989,82,48,0
989,83,48,0
989,84,48,0
989,85,48,0
989,86,48,0
989,87,48,0
989,88,48,0
989,89,48,0
989,90,48,0
989,91,48,0
989,92,48,0
989,93,48,0
989,94,48,0
989,95,48,0
989,96,48,0
989,97,48,0
989,98,48,0
989,99,48,0
989,100,48,0
989,101,48,0
989,102,48,0
989,103,48,0
989,104,48,0
989,105,48,0
989,106,48,0
989,107,48,0
989,108,48,0
989,109,48,0
989,110,48,0
989,111,48,0
989,0,49,0
989,1,49,0
989,2,49,0
989,3,49,0
989,4,49,0
989,5,49,0
989,6,49,0
989,7,49,0
989,8,49,0
989,9,49,0
989,10,49,0
989,11,49,0
989,12,49,0
989,13,49,0
989,14,49,0
989,15,49,1
989,16,49,0
989,17,49,0
989,18,49,0
989,19,49,0
989,20,49,0
989,21,49,0
989,22,49,0
989,23,49,0
989,24,49,0
989,25,49,0
989,26,49,0
989,27,49,0
989,28,49,1
989,29,49,0
989,30,49,0
989,31,49,0
989,32,49,1
989,33,49,0
989,34,49,0
989,35,49,0
989,36,49,0
989,37,49,0
989,38,49,0
989,39,49,0
989,40,49,0
989,41,49,0
989,42,49,0
989,43,49,0
989,44,49,0
989,45,49,0
989,46,49,0
989,47,49,0
989,48,49,0
989,49,49,0
989,50,49,0
989,51,49,0
989,52,49,0
989,53,49,0
989,54,49,0
989,55,49,0
989,56,49,0
989,57,49,0
989,58,49,0
989,59,49,0
989,60,49,0
989,61,49,0
989,62,49,0
989,63,49,0
989,64,49,0
989,65,49,0
989,66,49,0
989,67,49,0
989,68,49,0
989,69,49,0
989,70,49,1
989,71,49,0
989,72,49,0
989,73,49,0
989,74,49,0
989,75,49,0
989,76,49,0
989,77,49,0
989,78,49,0
989,79,49,0
989,80,49,0
989,81,49,0
989,82,49,0
989,83,49,0
989,84,49,0
989,85,49,0
989,86,49,1
989,87,49,0
989,88,49,0
989,89,49,0
989,90,49,0
989,91,49,1
989,92,49,0
989,93,49,0
989,94,49,0
989,95,49,0
989,96,49,0
989,97,49,0
989,98,49,0
989,99,49,0
989,100,49,0
989,101,49,0
989,102,49,0
989,103,49,0
989,104,49,0
989,105,49,0
989,106,49,0
989,107,49,0
989,108,49,1
989,109,49,0
989,110,49,1
989,111,49,0
989,0,50,1
989,1,50,0
989,2,50,0
989,3,50,0
989,4,50,1
989,5,50,0
989,6,50,0
989,7,50,0
989,8,50,0
989,9,50,0
989,10,50,0
989,11,50,0
989,12,50,0
989,13,50,0
989,14,50,0
989,15,50,0
989,16,50,1
989,17,50,0
989,18,50,0
989,19,50,0
989,20,50,0
989,21,50,0
989,22,50,0
989,23,50,0
989,24,50,0
989,25,50,0
989,26,50,0
989,27,50,0
989,28,50,0
989,29,50,0
989,30,50,0
989,31,50,0
989,32,50,0
989,33,50,0
989,34,50,0
989,35,50,0
989,36,50,0
989,37,50,0
989,38,50,0
989,39,50,0
989,40,50,0
989,41,50,0
989,42,50,0
989,43,50,0
989,44,50,0
989,45,50,0
989,46,50,0
989,47,50,0
989,48,50,0
989,49,50,0
989,50,50,0
989,51,50,0
989,52,50,0
989,53,50,0
989,54,50,0
989,55,50,0
989,56,50,0
989,57,50,0
989,58,50,0
989,59,50,0
989,60,50,0
989,61,50,0
989,62,50,0
989,63,50,0
989,64,50,0
989,65,50,1
989,66,50,0
989,67,50,0
989,68,50,0
989,69,50,0
989,70,50,0
989,71,50,0
989,72,50,0
989,73,50,0
989,74,50,0
989,75,50,0
989,76,50,0
989,77,50,0
989,78,50,0
989,79,50,0
989,80,50,0
989,81,50,0
989,82,50,0
989,83,50,0
989,84,50,0
989,85,50,0
989,86,50,0
989,87,50,0
989,88,50,0
989,89,50,0
989,90,50,0
989,91,50,0
989,92,50,0
989,93,50,0
989,94,50,0
989,95,50,0
989,96,50,1
989,97,50,0
989,98,50,0
989,99,50,0
989,100,50,0
989,101,50,0
989,102,50,0
989,103,50,0
989,104,50,0
989,105,50,0
989,106,50,0
989,107,50,0
989,108,50,0
989,109,50,0
989,110,50,0
989,111,50,0
989,0,51,0
989,1,51,1
989,2,51,0
989,3,51,0
989,4,51,0
989,5,51,0
989,6,51,0
989,7,51,0
989,8,51,0
989,9,51,0
989,10,51,0
989,11,51,0
989,12,51,0
989,13,51,1
989,14,51,0
989,15,51,0
989,16,51,0
989,17,51,0
989,18,51,0
989,19,51,0
989,20,51,0
989,21,51,0
989,22,51,1
989,23,51,0
989,24,51,0
989,25,51,0
989,26,51,0
989,27,51,0
989,28,51,0
989,29,51,0
989,30,51,0
989,31,51,0
989,32,51,0
989,33,51,0
989,34,51,0
989,35,51,0
989,36,51,1
989,37,51,0
989,38,51,0
989,39,51,0
989,40,51,0
989,41,51,0
989,42,51,0
989,43,51,0
989,44,51,0
989,45,51,0
989,46,51,1
989,47,51,0
989,48,51,0
989,49,51,0
989,50,51,0
989,51,51,0
989,52,51,0
989,53,51,0
989,54,51,0
989,55,51,0
989,56,51,0
989,57,51,0
989,58,51,1
989,59,51,0
989,60,51,0
989,61,51,0
989,62,51,0
989,63,51,0
989,64,51,0
989,65,51,0
989,66,51,0
989,67,51,0
989,68,51,0
989,69,51,0
989,70,51,0
989,71,51,0
989,72,51,0
989,73,51,0
989,74,51,0
989,75,51,1
989,76,51,0
989,77,51,0
989,78,51,0
989,79,51,0
989,80,51,0
989,81,51,0
989,82,51,1
989,83,51,0
989,84,51,0
989,85,51,0
989,86,51,0
989,87,51,0
989,88,51,0
989,89,51,0
989,90,51,0
989,91,51,0
989,92,51,0
989,93,51,0
989,94,51,0
989,95,51,0
989,96,51,0
989,97,51,0
989,98,51,0
989,99,51,0
989,100,51,0
989,101,51,0
989,102,51,0
989,103,51,0
989,104,51,0
989,105,51,0
989,106,51,0
989,107,51,0
989,108,51,0
989,109,51,0
989,110,51,0
989,111,51,1
989,0,52,0
989,1,52,0
989,2,52,1
989,3,52,0
989,4,52,0
989,5,52,0
989,6,52,0
989,7,52,0
989,8,52,0
989,9,52,0
989,10,52,0
989,11,52,0
989,12,52,0
989,13,52,0
989,14,52,0
989,15,52,0
989,16,52,1
989,17,52,0
989,18,52,0
989,19,52,0
989,20,52,0
989,21,52,0
989,22,52,0
989,23,52,0
989,24,52,0
989,25,52,1
989,26,52,0
989,27,52,0
989,28,52,0
989,29,52,0
989,30,52,0
989,31,52,1
989,32,52,0
989,33,52,0
989,34,52,0
989,35,52,0
989,36,52,0
989,37,52,0
989,38,52,0
989,39,52,0
989,40,52,1
989,41,52,0
989,42,52,0
989,43,52,0
989,44,52,0
989,45,52,0
989,46,52,0
989,47,52,0
989,48,52,0
989,49,52,0
989,50,52,0
989,51,52,0
989,52,52,0
989,53,52,0
989,54,52,0
989,55,52,0
989,56,52,0
989,57,52,0
989,58,52,0
989,59,52,0
989,60,52,0
989,61,52,0
989,62,52,0
989,63,52,0
989,64,52,0
989,65,52,0
989,66,52,0
989,67,52,0
989,68,52,0
989,69,52,0
989,70,52,0
989,71,52,0
989,72,52,0
989,73,52,0
989,74,52,0
989,75,52,0
989,76,52,0
989,77,52,0
989,78,52,0
989,79,52,0
989,80,52,0
989,81,52,0
989,82,52,0
989,83,52,0
989,84,52,0
989,85,52,0
989,86,52,0
989,87,52,0
989,88,52,0
989,89,52,0
989,90,52,0
989,91,52,0
989,92,52,0
989,93,52,0
989,94,52,0
989,95,52,0
989,96,52,0
989,97,52,0
989,98,52,1
989,99,52,0
989,100,52,0
989,101,52,0
989,102,52,0
989,103,52,0
989,104,52,0
989,105,52,0
989,106,52,0
989,107,52,0
989,108,52,0
989,109,52,0
989,110,52,0
989,111,52,0
989,0,53,0
989,1,53,0
989,2,53,0
989,3,53,1
989,4,53,1
989,5,53,0
989,6,53,0
989,7,53,0
989,8,53,0
989,9,53,0
989,10,53,0
989,11,53,0
989,12,53,0
989,13,53,0
989,14,53,0
989,15,53,0
989,16,53,0
989,17,53,0
989,18,53,0
989,19,53,0
989,20,53,0
989,21,53,0
989,22,53,0
989,23,53,0
989,24,53,0
989,25,53,0
989,26,53,0
989,27,53,0
989,28,53,0
989,29,53,0
989,30,53,0
989,31,53,0
989,32,53,0
989,33,53,0
989,34,53,0
989,35,53,0
989,36,53,0
989,37,53,0
989,38,53,0
989,39,53,0
989,40,53,0
989,41,53,0
989,42,53,0
989,43,53,0
989,44,53,0
989,45,53,0
989,46,53,0
989,47,53,0
989,48,53,0
989,49,53,0
989,50,53,0
989,51,53,0
989,52,53,0
989,53,53,0
989,54,53,0
989,55,53,0
989,56,53,0
989,57,53,0
989,58,53,0
989,59,53,0
989,60,53,0
989,61,53,0
989,62,53,0
989,63,53,0
989,64,53,0
989,65,53,1
989,66,53,0
989,67,53,0
989,68,53,0
989,69,53,0
989,70,53,0
989,71,53,0
989,72,53,0
989,73,53,0
989,74,53,1
989,75,53,0
989,76,53,0
989,77,53,0
989,78,53,0
989,79,53,0
989,80,53,0
989,81,53,0
989,82,53,0
989,83,53,0
989,84,53,0
989,85,53,0
989,86,53,0
989,87,53,0
989,88,53,0
989,89,53,0
989,90,53,0
989,91,53,0
989,92,53,0
989,93,53,0
989,94,53,0
989,95,53,0
989,96,53,0
989,97,53,0
989,98,53,1
989,99,53,0
989,100,53,0
989,101,53,0
989,102,53,0
989,103,53,0
989,104,53,0
989,105,53,0
989,106,53,0
989,107,53,1
989,108,53,0
989,109,53,0
989,110,53,0
989,111,53,0
989,0,54,0
989,1,54,0
989,2,54,0
989,3,54,0
989,4,54,1
989,5,54,1
989,6,54,0
989,7,54,0
989,8,54,0
989,9,54,0
989,10,54,0
989,11,54,0
989,12,54,0
989,13,54,0
989,14,54,0
989,15,54,0
989,16,54,0
989,17,54,0
989,18,54,0
989,19,54,0
989,20,54,0
989,21,54,0
989,22,54,0
989,23,54,0
989,24,54,0
989,25,54,0
989,26,54,0
989,27,54,0
989,28,54,0
989,29,54,0
989,30,54,0
989,31,54,0
989,32,54,0
989,33,54,0
989,34,54,0
989,35,54,0
989,36,54,0
989,37,54,0
989,38,54,0
989,39,54,0
989,40,54,0
989,41,54,0
989,42,54,0
989,43,54,0
989,44,54,0
989,45,54,0
989,46,54,0
989,47,54,0
989,48,54,0
989,49,54,0
989,50,54,0
989,51,54,0
989,52,54,0
989,53,54,0
989,54,54,0
989,55,54,0
989,56,54,0
989,57,54,0
989,58,54,0
989,59,54,0
989,60,54,0
989,61,54,0
989,62,54,0
989,63,54,0
989,64,54,0
989,65,54,1
989,66,54,0
989,67,54,0
989,68,54,0
989,69,54,0
989,70,54,0
989,71,54,0
989,72,54,0
989,73,54,0
989,74,54,0
989,75,54,0
989,76,54,1
989,77,54,0
989,78,54,0
989,79,54,0
989,80,54,0
989,81,54,0
989,82,54,0
989,83,54,0
989,84,54,0
989,85,54,0
989,86,54,0
989,87,54,0
989,88,54,0
989,89,54,0
989,90,54,0
989,91,54,0
989,92,54,0
989,93,54,0
989,94,54,0
989,95,54,0
989,96,54,0
989,97,54,0
989,98,54,0
989,99,54,1
989,100,54,0
989,101,54,0
989,102,54,0
989,103,54,0
989,104,54,0
989,105,54,0
989,106,54,0
989,107,54,0
989,108,54,0
989,109,54,0
989,110,54,0
989,111,54,0
989,0,55,0
989,1,55,0
989,2,55,0
989,3,55,0
989,4,55,0
989,5,55,1
989,6,55,0
989,7,55,0
989,8,55,0
989,9,55,1
989,10,55,0
989,11,55,1
989,12,55,0
989,13,55,0
989,14,55,0
989,15,55,0
989,16,55,0
989,17,55,0
989,18,55,0
989,19,55,0
989,20,55,0
989,21,55,0
989,22,55,0
989,23,55,0
989,24,55,0
989,25,55,0
989,26,55,0
989,27,55,0
989,28,55,0
989,29,55,0
989,30,55,0
989,31,55,0
989,32,55,0
989,33,55,0
989,34,55,0
989,35,55,0
989,36,55,0
989,37,55,0
989,38,55,0
989,39,55,0
989,40,55,0
989,41,55,0
989,42,55,0
989,43,55,1
989,44,55,0
989,45,55,0
989,46,55,0
989,47,55,0
989,48,55,0
989,49,55,1
989,50,55,0
989,51,55,0
989,52,55,1
989,53,55,0
989,54,55,0
989,55,55,0
989,56,55,0
989,57,55,1
989,58,55,0
989,59,55,0
989,60,55,0
989,61,55,0
989,62,55,0
989,63,55,0
989,64,55,0
989,65,55,0
989,66,55,0
989,67,55,0
989,68,55,0
989,69,55,0
989,70,55,0
989,71,55,1
989,72,55,0
989,73,55,0
989,74,55,0
989,75,55,0
989,76,55,0
989,77,55,0
989,78,55,0
989,79,55,0
989,80,55,0
989,81,55,0
989,82,55,0
989,83,55,0
989,84,55,0
989,85,55,0
989,86,55,0
989,87,55,0
989,88,55,1
989,89,55,0
989,90,55,0
989,91,55,0
989,92,55,0
989,93,55,0
989,94,55,0
989,95,55,0
989,96,55,0
989,97,55,0
989,98,55,0
989,99,55,0
989,100,55,0
989,101,55,0
989,102,55,0
989,103,55,0
989,104,55,0
989,105,55,0
989,106,55,0
989,107,55,0
989,108,55,0
989,109,55,0
989,110,55,0
989,111,55,0
989,0,56,0
989,1,56,0
989,2,56,0
989,3,56,0
989,4,56,0
989,5,56,0
989,6,56,1
989,7,56,0
989,8,56,0
989,9,56,0
989,10,56,0
989,11,56,0
989,12,56,0
989,13,56,0
989,14,56,0
989,15,56,0
989,16,56,0
989,17,56,0
989,18,56,0
989,19,56,0
989,20,56,0
989,21,56,0
989,22,56,0
989,23,56,0
989,24,56,0
989,25,56,0
989,26,56,0
989,27,56,0
989,28,56,0
989,29,56,0
989,30,56,0
989,31,56,0
989,32,56,0
989,33,56,0
989,34,56,0
989,35,56,0
989,36,56,0
989,37,56,0
989,38,56,0
989,39,56,0
989,40,56,0
989,41,56,0
989,42,56,0
989,43,56,0
989,44,56,0
989,45,56,0
989,46,56,0
989,47,56,0
989,48,56,0
989,49,56,0
989,50,56,0
989,51,56,0
989,52,56,0
989,53,56,0
989,54,56,0
989,55,56,0
989,56,56,0
989,57,56,0
989,58,56,0
989,59,56,0
989,60,56,0
989,61,56,0
989,62,56,0
989,63,56,0
989,64,56,0
989,65,56,0
989,66,56,0
989,67,56,0
989,68,56,1
989,69,56,0
989,70,56,0
989,71,56,0
989,72,56,0
989,73,56,0
989,74,56,0
989,75,56,0
989,76,56,0
989,77,56,0
989,78,56,0
989,79,56,0
989,80,56,0
989,81,56,0
989,82,56,0
989,83,56,0
989,84,56,0
989,85,56,0
989,86,56,0
989,87,56,0
989,88,56,1
989,89,56,0
989,90,56,0
989,91,56,0
989,92,56,0
989,93,56,0
989,94,56,0
989,95,56,0
989,96,56,0
989,97,56,0
989,98,56,0
989,99,56,0
989,100,56,0
989,101,56,0
989,102,56,0
989,103,56,0
989,104,56,0
989,105,56,0
989,106,56,0
989,107,56,0
989,108,56,0
989,109,56,0
989,110,56,0
989,111,56,0
989,0,57,0
989,1,57,0
989,2,57,0
989,3,57,0
989,4,57,0
989,5,57,0
989,6,57,0
989,7,57,1
989,8,57,0
989,9,57,0
989,10,57,0
989,11,57,0
989,12,57,0
989,13,57,0
989,14,57,0
989,15,57,0
989,16,57,0
989,17,57,0
989,18,57,0
989,19,57,0
989,20,57,0
989,21,57,0
989,22,57,0
989,23,57,0
989,24,57,0
989,25,57,0
989,26,57,0
989,27,57,0
989,28,57,0
989,29,57,0
989,30,57,0
989,31,57,0
989,32,57,0
989,33,57,0
989,34,57,0
989,35,57,0
989,36,57,0
989,37,57,0
989,38,57,0
989,39,57,0
989,40,57,0
989,41,57,0
989,42,57,0
989,43,57,0
989,44,57,0
989,45,57,0
989,46,57,0
989,47,57,0
989,48,57,0
989,49,57,0
989,50,57,0
989,51,57,0
989,52,57,0
989,53,57,0
989,54,57,0
989,55,57,0
989,56,57,0
989,57,57,0
989,58,57,0
989,59,57,0
989,60,57,0
989,61,57,0
989,62,57,0
989,63,57,0
989,64,57,0
989,65,57,0
989,66,57,0
989,67,57,0
989,68,57,0
989,69,57,0
989,70,57,0
989,71,57,0
989,72,57,0
989,73,57,0
989,74,57,0
989,75,57,0
989,76,57,0
989,77,57,0
989,78,57,0
989,79,57,0
989,80,57,0
989,81,57,0
989,82,57,0
989,83,57,0
989,84,57,0
989,85,57,0
989,86,57,0
989,87,57,0
989,88,57,0
989,89,57,0
989,90,57,0
989,91,57,0
989,92,57,0
989,93,57,0
989,94,57,0
989,95,57,0
989,96,57,0
989,97,57,0
989,98,57,0
989,99,57,0
989,100,57,0
989,101,57,0
989,102,57,0
989,103,57,0
989,104,57,0
989,105,57,0
989,106,57,0
989,107,57,1
989,108,57,0
989,109,57,1
989,110,57,0
989,111,57,0
989,0,58,0
989,1,58,0
989,2,58,0
989,3,58,0
989,4,58,0
989,5,58,0
989,6,58,0
989,7,58,0
989,8,58,1
989,9,58,0
989,10,58,0
989,11,58,0
989,12,58,0
989,13,58,0
989,14,58,0
989,15,58,0
989,16,58,0
989,17,58,0
989,18,58,0
989,19,58,0
989,20,58,0
989,21,58,0
989,22,58,0
989,23,58,0
989,24,58,0
989,25,58,0
989,26,58,1
989,27,58,0
989,28,58,0
989,29,58,0
989,30,58,0
989,31,58,0
989,32,58,0
989,33,58,0
989,34,58,0
989,35,58,0
989,36,58,0
989,37,58,0
989,38,58,0
989,39,58,0
989,40,58,0
989,41,58,0
989,42,58,0
989,43,58,0
989,44,58,0
989,45,58,0
989,46,58,0
989,47,58,0
989,48,58,0
989,49,58,0
989,50,58,0
989,51,58,0
989,52,58,0
989,53,58,0
989,54,58,0
989,55,58,0
989,56,58,0
989,57,58,1
989,58,58,0
989,59,58,0
989,60,58,0
989,61,58,0
989,62,58,0
989,63,58,0
989,64,58,1
989,65,58,0
989,66,58,0
989,67,58,0
989,68,58,0
989,69,58,0
989,70,58,0
989,71,58,0
989,72,58,0
989,73,58,0
989,74,58,0
989,75,58,0
989,76,58,0
989,77,58,0
989,78,58,0
989,79,58,0
989,80,58,0
989,81,58,0
989,82,58,0
989,83,58,0
989,84,58,0
989,85,58,0
989,86,58,0
989,87,58,0
989,88,58,0
989,89,58,0
989,90,58,0
989,91,58,0
989,92,58,1
989,93,58,0
989,94,58,0
989,95,58,0
989,96,58,0
989,97,58,0
989,98,58,0
989,99,58,0
989,100,58,0
989,101,58,0
989,102,58,1
989,103,58,0
989,104,58,0
989,105,58,0
989,106,58,0
989,107,58,0
989,108,58,0
989,109,58,0
989,110,58,0
989,111,58,0
989,0,59,0
989,1,59,0
989,2,59,0
989,3,59,0
989,4,59,0
989,5,59,0
989,6,59,0
989,7,59,0
989,8,59,0
989,9,59,0
989,10,59,0
989,11,59,0
989,12,59,0
989,13,59,0
989,14,59,0
989,15,59,0
989,16,59,0
989,17,59,0
989,18,59,0
989,19,59,0
989,20,59,0
989,21,59,0
989,22,59,0
989,23,59,1
989,24,59,0
989,25,59,0
989,26,59,0
989,27,59,0
989,28,59,0
989,29,59,0
989,30,59,0
989,31,59,0
989,32,59,0
989,33,59,1
989,34,59,0
989,35,59,0
989,36,59,0
989,37,59,1
989,38,59,0
989,39,59,0
989,40,59,0
989,41,59,0
989,42,59,0
989,43,59,0
989,44,59,0
989,45,59,0
989,46,59,0
989,47,59,1
989,48,59,0
989,49,59,0
989,50,59,0
989,51,59,0
989,52,59,0
989,53,59,0
989,54,59,0
989,55,59,0
989,56,59,0
989,57,59,0
989,58,59,0
989,59,59,0
989,60,59,0
989,61,59,0
989,62,59,0
989,63,59,0
989,64,59,0
989,65,59,0
989,66,59,0
989,67,59,0
989,68,59,0
989,69,59,0
989,70,59,0
989,71,59,0
989,72,59,0
989,73,59,0
989,74,59,0
989,75,59,0
989,76,59,0
989,77,59,0
989,78,59,0
989,79,59,0
989,80,59,0
989,81,59,0
989,82,59,0
989,83,59,0
989,84,59,0
989,85,59,1
989,86,59,0
989,87,59,0
989,88,59,0
989,89,59,0
989,90,59,0
989,91,59,0
989,92,59,0
989,93,59,0
989,94,59,0
989,95,59,0
989,96,59,0
989,97,59,0
989,98,59,0
989,99,59,0
989,100,59,0
989,101,59,0
989,102,59,0
989,103,59,0
989,104,59,0
989,105,59,0
989,106,59,0
989,107,59,0
989,108,59,0
989,109,59,0
989,110,59,0
989,111,59,0
989,0,60,0
989,1,60,0
989,2,60,1
989,3,60,0
989,4,60,0
989,5,60,0
989,6,60,0
989,7,60,0
989,8,60,0
989,9,60,1
989,10,60,0
989,11,60,0
989,12,60,0
989,13,60,0
989,14,60,0
989,15,60,0
989,16,60,0
989,17,60,0
989,18,60,0
989,19,60,0
989,20,60,0
989,21,60,0
989,22,60,0
989,23,60,1
989,24,60,0
989,25,60,0
989,26,60,0
989,27,60,0
989,28,60,0
989,29,60,0
989,30,60,0
989,31,60,1
989,32,60,0
989,33,60,0
989,34,60,0
989,35,60,0
989,36,60,0
989,37,60,0
989,38,60,0
989,39,60,0
989,40,60,0
989,41,60,0
989,42,60,0
989,43,60,0
989,44,60,0
989,45,60,0
989,46,60,0
989,47,60,0
989,48,60,0
989,49,60,0
989,50,60,0
989,51,60,1
989,52,60,0
989,53,60,1
989,54,60,0
989,55,60,0
989,56,60,1
989,57,60,0
989,58,60,0
989,59,60,0
989,60,60,0
989,61,60,0
989,62,60,1
989,63,60,0
989,64,60,0
989,65,60,0
989,66,60,0
989,67,60,0
989,68,60,0
989,69,60,0
989,70,60,0
989,71,60,0
989,72,60,0
989,73,60,0
989,74,60,0
989,75,60,0
989,76,60,0
989,77,60,0
989,78,60,0
989,79,60,0
989,80,60,0
989,81,60,0
989,82,60,0
989,83,60,0
989,84,60,0
989,85,60,0
989,86,60,0
989,87,60,0
989,88,60,0
989,89,60,0
989,90,60,0
989,91,60,0
989,92,60,0
989,93,60,0
989,94,60,0
989,95,60,1
989,96,60,0
989,97,60,0
989,98,60,0
989,99,60,1
989,100,60,0
989,101,60,0
989,102,60,1
989,103,60,0
989,104,60,0
989,105,60,0
989,106,60,0
989,107,60,0
989,108,60,0
989,109,60,0
989,110,60,0
989,111,60,0
989,0,61,0
989,1,61,0
989,2,61,0
989,3,61,0
989,4,61,0
989,5,61,0
989,6,61,0
989,7,61,1
989,8,61,0
989,9,61,0
989,10,61,0
989,11,61,0
989,12,61,0
989,13,61,1
989,14,61,0
989,15,61,1
989,16,61,0
989,17,61,0
989,18,61,0
989,19,61,0
989,20,61,0
989,21,61,0
989,22,61,0
989,23,61,0
989,24,61,0
989,25,61,0
989,26,61,0
989,27,61,0
989,28,61,1
989,29,61,0
989,30,61,0
989,31,61,0
989,32,61,1
989,33,61,0
989,34,61,0
989,35,61,0
989,36,61,0
989,37,61,0
989,38,61,0
989,39,61,0
989,40,61,0
989,41,61,0
989,42,61,0
989,43,61,0
989,44,61,0
989,45,61,0
989,46,61,0
989,47,61,0
989,48,61,0
989,49,61,0
989,50,61,0
989,51,61,0
989,52,61,0
989,53,61,0
989,54,61,0
989,55,61,0
989,56,61,0
989,57,61,0
989,58,61,0
989,59,61,0
989,60,61,0
989,61,61,1
989,62,61,0
989,63,61,0
989,64,61,0
989,65,61,0
989,66,61,0
989,67,61,0
989,68,61,0
989,69,61,0
989,70,61,0
989,71,61,0
989,72,61,0
989,73,61,0
989,74,61,0
989,75,61,0
989,76,61,0
989,77,61,0
989,78,61,0
989,79,61,0
989,80,61,0
989,81,61,0
989,82,61,0
989,83,61,0
989,84,61,0
989,85,61,0
989,86,61,0
989,87,61,0
989,88,61,0
989,89,61,0
989,90,61,0
989,91,61,0
989,92,61,0
989,93,61,0
989,94,61,0
989,95,61,0
989,96,61,0
989,97,61,0
989,98,61,0
989,99,61,0
989,100,61,0
989,101,61,0
989,102,61,0
989,103,61,0
989,104,61,0
989,105,61,0
989,106,61,0
989,107,61,0
989,108,61,0
989,109,61,0
989,110,61,0
989,111,61,1
989,0,62,1
989,1,62,0
989,2,62,0
989,3,62,1
989,4,62,0
989,5,62,0
989,6,62,0
989,7,62,0
989,8,62,0
989,9,62,1
989,10,62,0
989,11,62,1
989,12,62,0
989,13,62,0
989,14,62,0
989,15,62,0
989,16,62,0
989,17,62,0
989,18,62,0
989,19,62,0
989,20,62,0
989,21,62,0
989,22,62,0
989,23,62,0
989,24,62,0
989,25,62,0
989,26,62,0
989,27,62,0
989,28,62,0
989,29,62,0
989,30,62,0
989,31,62,0
989,32,62,0
989,33,62,0
989,34,62,0
989,35,62,0
989,36,62,0
989,37,62,0
989,38,62,0
989,39,62,0
989,40,62,0
989,41,62,0
989,42,62,0
989,43,62,0
989,44,62,0
989,45,62,0
989,46,62,0
989,47,62,0
989,48,62,0
989,49,62,0
989,50,62,0
989,51,62,0
989,52,62,0
989,53,62,0
989,54,62,0
989,55,62,0
989,56,62,0
989,57,62,0
989,58,62,0
989,59,62,0
989,60,62,0
989,61,62,0
989,62,62,0
989,63,62,0
989,64,62,0
989,65,62,0
989,66,62,0
989,67,62,0
989,68,62,0
989,69,62,0
989,70,62,0
989,71,62,0
989,72,62,0
989,73,62,0
989,74,62,0
989,75,62,1
989,76,62,0
989,77,62,1
989,78,62,0
989,79,62,0
989,80,62,0
989,81,62,0
989,82,62,0
989,83,62,0
989,84,62,0
989,85,62,0
989,86,62,0
989,87,62,0
989,88,62,0
989,89,62,0
989,90,62,0
989,91,62,0
989,92,62,0
989,93,62,0
989,94,62,0
989,95,62,0
989,96,62,0
989,97,62,0
989,98,62,0
989,99,62,0
989,100,62,0
989,101,62,0
989,102,62,0
989,103,62,0
989,104,62,0
989,105,62,0
989,106,62,0
989,107,62,0
989,108,62,0
989,109,62,0
989,110,62,0
989,111,62,0
989,0,63,0
989,1,63,0
989,2,63,0
989,3,63,0
989,4,63,0
989,5,63,0
989,6,63,0
989,7,63,0
989,8,63,0
989,9,63,0
989,10,63,0
989,11,63,0
989,12,63,0
989,13,63,0
989,14,63,0
989,15,63,0
989,16,63,0
989,17,63,0
989,18,63,0
989,19,63,0
989,20,63,0
989,21,63,0
989,22,63,0
989,23,63,0
989,24,63,0
989,25,63,0
989,26,63,0
989,27,63,0
989,28,63,0
989,29,63,0
989,30,63,0
989,31,63,0
989,32,63,0
989,33,63,0
989,34,63,0
989,35,63,0
989,36,63,0
989,37,63,0
989,38,63,0
989,39,63,0
989,40,63,0
989,41,63,1
989,42,63,1
989,43,63,0
989,44,63,0
989,45,63,0
989,46,63,0
989,47,63,0
989,48,63,0
989,49,63,0
989,50,63,0
989,51,63,0
989,52,63,0
989,53,63,0
989,54,63,0
989,55,63,0
989,56,63,0
989,57,63,0
989,58,63,0
989,59,63,0
989,60,63,0
989,61,63,0
989,62,63,0
989,63,63,0
989,64,63,0
989,65,63,1
989,66,63,0
989,67,63,0
989,68,63,0
989,69,63,0
989,70,63,0
989,71,63,0
989,72,63,0
989,73,63,0
989,74,63,0
989,75,63,0
989,76,63,0
989,77,63,0
989,78,63,0
989,79,63,0
989,80,63,0
989,81,63,0
989,82,63,0
989,83,63,0
989,84,63,0
989,85,63,0
989,86,63,0
989,87,63,0
989,88,63,0
989,89,63,0
989,90,63,0
989,91,63,0
989,92,63,0
989,93,63,0
989,94,63,0
989,95,63,0
989,96,63,0
989,97,63,0
989,98,63,0
989,99,63,0
989,100,63,0
989,101,63,0
989,102,63,0
989,103,63,0
989,104,63,0
989,105,63,0
989,106,63,0
989,107,63,0
989,108,63,0
989,109,63,0
989,110,63,0
989,111,63,0
989,0,64,0
989,1,64,0
989,2,64,0
989,3,64,0
989,4,64,0
989,5,64,0
989,6,64,0
989,7,64,0
989,8,64,0
989,9,64,0
989,10,64,0
989,11,64,0
989,12,64,0
989,13,64,0
989,14,64,0
989,15,64,0
989,16,64,0
989,17,64,0
989,18,64,0
989,19,64,1
989,20,64,0
989,21,64,0
989,22,64,0
989,23,64,0
989,24,64,0
989,25,64,0
989,26,64,0
989,27,64,0
989,28,64,0
989,29,64,0
989,30,64,0
989,31,64,0
989,32,64,0
989,33,64,0
989,34,64,0
989,35,64,1
989,36,64,0
989,37,64,0
989,38,64,0
989,39,64,0
989,40,64,0
989,41,64,0
989,42,64,0
989,43,64,0
989,44,64,0
989,45,64,0
989,46,64,0
989,47,64,0
989,48,64,0
989,49,64,0
989,50,64,0
989,51,64,0
989,52,64,0
989,53,64,0
989,54,64,0
989,55,64,0
989,56,64,0
989,57,64,0
989,58,64,0
989,59,64,0
989,60,64,0
989,61,64,0
989,62,64,0
989,63,64,0
989,64,64,1
989,65,64,0
989,66,64,0
989,67,64,0
989,68,64,0
989,69,64,0
989,70,64,0
989,71,64,0
989,72,64,0
989,73,64,0
989,74,64,0
989,75,64,0
989,76,64,0
989,77,64,0
989,78,64,0
989,79,64,0
989,80,64,0
989,81,64,0
989,82,64,0
989,83,64,0
989,84,64,1
989,85,64,0
989,86,64,0
989,87,64,0
989,88,64,0
989,89,64,0
989,90,64,0
989,91,64,0
989,92,64,0
989,93,64,0
989,94,64,0
989,95,64,0
989,96,64,0
989,97,64,0
989,98,64,0
989,99,64,1
989,100,64,0
989,101,64,0
989,102,64,0
989,103,64,0
989,104,64,0
989,105,64,0
989,106,64,0
989,107,64,1
989,108,64,0
989,109,64,0
989,110,64,0
989,111,64,0
989,0,65,0
989,1,65,1
989,2,65,0
989,3,65,0
989,4,65,0
989,5,65,0
989,6,65,0
989,7,65,0
989,8,65,0
989,9,65,0
989,10,65,0
989,11,65,0
989,12,65,0
989,13,65,1
989,14,65,0
989,15,65,0
989,16,65,0
989,17,65,0
989,18,65,0
989,19,65,0
989,20,65,0
989,21,65,0
989,22,65,0
989,23,65,0
989,24,65,0
989,25,65,0
989,26,65,0
989,27,65,0
989,28,65,1
989,29,65,0
989,30,65,0
989,31,65,0
989,32,65,1
989,33,65,0
989,34,65,0
989,35,65,0
989,36,65,0
989,37,65,0
989,38,65,0
989,39,65,0
989,40,65,1
989,41,65,0
989,42,65,0
989,43,65,0
989,44,65,0
989,45,65,0
989,46,65,0
989,47,65,0
989,48,65,0
989,49,65,0
989,50,65,0
989,51,65,0
989,52,65,0
989,53,65,0
989,54,65,0
989,55,65,0
989,56,65,0
989,57,65,0
989,58,65,0
989,59,65,0
989,60,65,0
989,61,65,0
989,62,65,0
989,63,65,0
989,64,65,0
989,65,65,0
989,66,65,0
989,67,65,0
989,68,65,0
989,69,65,0
989,70,65,0
989,71,65,0
989,72,65,0
989,73,65,0
989,74,65,0
989,75,65,0
989,76,65,0
989,77,65,0
989,78,65,0
989,79,65,0
989,80,65,0
989,81,65,0
989,82,65,0
989,83,65,0
989,84,65,0
989,85,65,0
989,86,65,0
989,87,65,0
989,88,65,0
989,89,65,0
989,90,65,0
989,91,65,0
989,92,65,0
989,93,65,0
989,94,65,0
989,95,65,0
989,96,65,0
989,97,65,0
989,98,65,0
989,99,65,0
989,100,65,0
989,101,65,0
989,102,65,0
989,103,65,0
989,104,65,0
989,105,65,0
989,106,65,0
989,107,65,0
989,108,65,0
989,109,65,0
989,110,65,0
989,111,65,0
989,0,66,0
989,1,66,0
989,2,66,0
989,3,66,0
989,4,66,0
989,5,66,0
989,6,66,1
989,7,66,0
989,8,66,0
989,9,66,0
989,10,66,0
989,11,66,0
989,12,66,0
989,13,66,0
989,14,66,0
989,15,66,0
989,16,66,1
989,17,66,0
989,18,66,0
989,19,66,0
989,20,66,0
989,21,66,1
989,22,66,0
989,23,66,0
989,24,66,0
989,25,66,1
989,26,66,0
989,27,66,0
989,28,66,0
989,29,66,0
989,30,66,0
989,31,66,0
989,32,66,0
989,33,66,1
989,34,66,0
989,35,66,0
989,36,66,0
989,37,66,0
989,38,66,0
989,39,66,0
989,40,66,0
989,41,66,0
989,42,66,0
989,43,66,0
989,44,66,0
989,45,66,0
989,46,66,0
989,47,66,0
989,48,66,1
989,49,66,1
989,50,66,0
989,51,66,0
989,52,66,0
989,53,66,0
989,54,66,0
989,55,66,0
989,56,66,0
989,57,66,0
989,58,66,0
989,59,66,0
989,60,66,0
989,61,66,0
989,62,66,0
989,63,66,0
989,64,66,1
989,65,66,0
989,66,66,0
989,67,66,0
989,68,66,0
989,69,66,0
989,70,66,0
989,71,66,0
989,72,66,0
989,73,66,0
989,74,66,0
989,75,66,0
989,76,66,0
989,77,66,0
989,78,66,0
989,79,66,0
989,80,66,0
989,81,66,0
989,82,66,0
989,83,66,0
989,84,66,0
989,85,66,0
989,86,66,0
989,87,66,0
989,88,66,0
989,89,66,0
989,90,66,0
989,91,66,0
989,92,66,0
989,93,66,0
989,94,66,0
989,95,66,0
989,96,66,0
989,97,66,0
989,98,66,0
989,99,66,0
989,100,66,0
989,101,66,0
989,102,66,0
989,103,66,0
989,104,66,0
989,105,66,0
989,106,66,0
989,107,66,0
989,108,66,0
989,109,66,0
989,110,66,0
989,111,66,0
989,0,67,0
989,1,67,0
989,2,67,0
989,3,67,0
989,4,67,0
989,5,67,0
989,6,67,1
989,7,67,0
989,8,67,0
989,9,67,0
989,10,67,0
989,11,67,0
989,12,67,0
989,13,67,0
989,14,67,0
989,15,67,0
989,16,67,0
989,17,67,0
989,18,67,0
989,19,67,0
989,20,67,0
989,21,67,0
989,22,67,0
989,23,67,0
989,24,67,0
989,25,67,0
989,26,67,0
989,27,67,0
989,28,67,0
989,29,67,0
989,30,67,0
989,31,67,0
989,32,67,0
989,33,67,0
989,34,67,0
989,35,67,0
989,36,67,0
989,37,67,0
989,38,67,0
989,39,67,0
989,40,67,0
989,41,67,0
989,42,67,0
989,43,67,0
989,44,67,1
989,45,67,0
989,46,67,0
989,47,67,0
989,48,67,1
989,49,67,0
989,50,67,1
989,51,67,0
989,52,67,0
989,53,67,0
989,54,67,0
989,55,67,0
989,56,67,1
989,57,67,0
989,58,67,0
989,59,67,0
989,60,67,0
989,61,67,0
989,62,67,0
989,63,67,0
989,64,67,0
989,65,67,0
989,66,67,0
989,67,67,0
989,68,67,1
989,69,67,0
989,70,67,0
989,71,67,0
989,72,67,0
989,73,67,0
989,74,67,0
989,75,67,0
989,76,67,0
989,77,67,0
989,78,67,0
989,79,67,1
989,80,67,0
989,81,67,0
989,82,67,0
989,83,67,0
989,84,67,0
989,85,67,0
989,86,67,0
989,87,67,0
989,88,67,1
989,89,67,0
989,90,67,0
989,91,67,0
989,92,67,0
989,93,67,0
989,94,67,0
989,95,67,0
989,96,67,0
989,97,67,0
989,98,67,0
989,99,67,0
989,100,67,0
989,101,67,0
989,102,67,0
989,103,67,0
989,104,67,0
989,105,67,0
989,106,67,0
989,107,67,0
989,108,67,0
989,109,67,0
989,110,67,0
989,111,67,0
989,0,68,0
989,1,68,0
989,2,68,0
989,3,68,0
989,4,68,0
989,5,68,0
989,6,68,0
989,7,68,0
989,8,68,0
989,9,68,0
989,10,68,0
989,11,68,0
989,12,68,0
989,13,68,0
989,14,68,0
989,15,68,0
989,16,68,0
989,17,68,0
989,18,68,0
989,19,68,0
989,20,68,0
989,21,68,0
989,22,68,0
989,23,68,0
989,24,68,0
989,25,68,0
989,26,68,0
989,27,68,0
989,28,68,0
989,29,68,0
989,30,68,0
989,31,68,0
989,32,68,0
989,33,68,0
989,34,68,0
989,35,68,0
989,36,68,0
989,37,68,0
989,38,68,0
989,39,68,0
989,40,68,0
989,41,68,0
989,42,68,0
989,43,68,0
989,44,68,0
989,45,68,0
989,46,68,0
989,47,68,0
989,48,68,0
989,49,68,0
989,50,68,0
989,51,68,0
989,52,68,0
989,53,68,0
989,54,68,0
989,55,68,0
989,56,68,0
989,57,68,0
989,58,68,0
989,59,68,0
989,60,68,0
989,61,68,0
989,62,68,1
989,63,68,0
989,64,68,0
989,65,68,0
989,66,68,0
989,67,68,0
989,68,68,0
989,69,68,0
989,70,68,0
989,71,68,0
989,72,68,0
989,73,68,0
989,74,68,0
989,75,68,0
989,76,68,0
989,77,68,0
989,78,68,0
989,79,68,0
989,80,68,0
989,81,68,0
989,82,68,1
989,83,68,0
989,84,68,0
989,85,68,0
989,86,68,0
989,87,68,0
989,88,68,0
989,89,68,0
989,90,68,0
989,91,68,0
989,92,68,0
989,93,68,0
989,94,68,0
989,95,68,0
989,96,68,0
989,97,68,1
989,98,68,0
989,99,68,0
989,100,68,0
989,101,68,0
989,102,68,0
989,103,68,0
989,104,68,0
989,105,68,0
989,106,68,0
989,107,68,0
989,108,68,0
989,109,68,0
989,110,68,0
989,111,68,1
